0.85	0.30743745
0.89	0.18684523
0.89666665	0.22554082
0.9	0.23773444
0.896	0.2685073
0.9	0.22781844
0.89428574	0.27778515
0.9	0.1436001
0.9077778	0.12818909
0.907	0.27918574
0.90181816	0.27544433
0.89916664	0.24091639
0.9015385	0.19975574
0.905	0.17033012
0.9033333	0.29287854
0.905625	0.1984343
0.9064706	0.22134939
0.9072222	0.21441925
0.90894735	0.18757215
0.9075	0.22734362
0.9090476	0.18552728
0.9104546	0.15063481
0.9104348	0.14705527
0.91125	0.22081152
0.912	0.17869078
0.9115385	0.2547505
0.91037035	0.2425459
0.9096429	0.19196226
0.9089655	0.2688148
0.908	0.34891167
0.9067742	0.33583543
0.906875	0.19286864
0.9069697	0.2263832
0.90705884	0.27280286
0.906	0.24255297
0.9058333	0.2176489
0.90567565	0.28185868
0.9057895	0.22217499
0.9064103	0.15346864
0.90525	0.31381765
0.904878	0.25365126
0.9057143	0.16275448
0.9055814	0.23785955
0.9056818	0.21164651
0.90466666	0.2609594
0.905	0.20135333
0.90425533	0.2605588
0.90479165	0.18034667
0.90408164	0.26761502
0.9038	0.26120484
0.9021569	0.31440866
0.9021154	0.21637507
0.9015094	0.2509582
0.90037036	0.2802614
0.90090907	0.18944848
0.90017855	0.32086343
0.90017545	0.27418622
0.90034485	0.20439072
0.89949155	0.3100847
0.9	0.1844263
0.89967215	0.302841
0.8995161	0.22312373
0.8995238	0.27128017
0.8996875	0.2071083
0.9003077	0.1761878
0.9001515	0.336635
0.9001492	0.23364082
0.9002941	0.24577852
0.90086955	0.17106512
0.9007143	0.22735685
0.9012676	0.19072405
0.90069443	0.27331364
0.90041095	0.21776776
0.90054053	0.17447767
0.9008	0.16648877
0.9013158	0.14328036
0.9011688	0.20034881
0.9015385	0.19907568
0.9021519	0.14621134
0.902125	0.17879178
0.90234566	0.19570746
0.90182924	0.26068178
0.9013253	0.32095885
0.90190476	0.13792512
0.9017647	0.17995523
0.9018605	0.15556361
0.90172416	0.19279587
0.9014773	0.266168
0.9008989	0.34868243
0.9018889	0.09238339
0.9018681	0.23489437
0.90163046	0.25574866
0.90150535	0.22225563
0.9018085	0.23228598
0.90221053	0.17552738
0.90125	0.39423046
0.9014433	0.1608435
0.9015306	0.2532199
0.9017172	0.20249292
0.9016	0.28001508
0.90148515	0.27837265
0.9014706	0.21195386
0.9009709	0.2883561
0.9009615	0.19812086
0.9007619	0.22947498
0.90113205	0.19534306
0.90102804	0.23297644
0.90074074	0.27418196
0.90027523	0.3013467
0.9004545	0.22666685
0.90036035	0.2531584
0.9007143	0.20341343
0.9007965	0.22253406
0.900614	0.27276212
0.90026087	0.26941884
0.9	0.3089373
0.8997436	0.33122098
0.89957625	0.24692139
0.8992437	0.27246648
0.89933336	0.18736593
0.8989256	0.33422434
0.8992623	0.2247608
0.8997561	0.13342975
0.89975804	0.21681874
0.90024	0.1280216
0.9001587	0.3668363
0.90023625	0.23207104
0.9000781	0.2844997
0.8995349	0.3831972
0.89953846	0.2395193
0.899542	0.30068707
0.8993939	0.2589874
0.8995489	0.23498714
0.89932835	0.20599598
0.8988889	0.32922217
0.8990441	0.20827429
0.8990511	0.1999883
0.8992029	0.21483508
0.89928055	0.28720927
0.89914286	0.2317319
0.89893615	0.28374073
0.89901406	0.17542769
0.8990909	0.21071331
0.89916664	0.19327115
0.89931035	0.21310003
0.8991096	0.26695758
0.8987075	0.2790869
0.89898646	0.16261305
0.8990604	0.20292172
0.8992	0.19908957
0.8990066	0.24993701
0.8992105	0.14405377
0.89941174	0.18797976
0.89928573	0.22720206
0.8993548	0.22166927
0.8995513	0.16628905
0.89961785	0.19450499
0.89955693	0.24965976
0.8998742	0.14848635
0.8999375	0.24433039
0.90012425	0.16257946
0.90030867	0.23169607
0.9004294	0.193925
0.9003658	0.27078933
0.90018183	0.20902032
0.9	0.26200473
0.89994013	0.22606191
0.9000595	0.21837413
0.9	0.20024034
0.9	0.20569438
0.8997661	0.25162768
0.899593	0.30027017
0.8998844	0.15741934
0.8999425	0.21708041
0.8997143	0.2998823
0.89988637	0.21457155
0.899887	0.2358525
0.8998876	0.18048725
0.9000559	0.14633113
0.8997222	0.27855748
0.8998895	0.18500179
0.89983517	0.240176
0.9	0.18298042
0.8999457	0.23867534
0.89967567	0.2960227
0.9	0.17988235
0.9	0.27899852
0.8998404	0.26428533
0.8997884	0.26267132
0.8998947	0.22168273
0.9001047	0.15750927
0.9000521	0.2789966
0.8998964	0.25322425
0.89974225	0.24154371
0.89989746	0.22726119
0.900102	0.19142029
0.89994925	0.28601015
0.899798	0.2696663
0.8999497	0.19997993
0.9002	0.14821456
0.90024877	0.22238253
0.9002475	0.26133078
0.9004434	0.15034789
0.9002451	0.25301063
0.90034145	0.20754725
0.90019417	0.25422025
0.9000483	0.306717
0.89995193	0.23394972
0.9	0.2313862
0.9	0.20964362
0.9001422	0.17428355
0.90028304	0.19814847
0.9003756	0.27607787
0.9003271	0.24842066
0.90060467	0.10008665
0.9006482	0.23144424
0.9006913	0.20949498
0.90068805	0.22527465
0.90071833	0.18767992
0.9006695	0.2795638
0.9008478	0.19404511
0.9004829	0.32092282
0.900346	0.30605102
0.9005233	0.26745337
0.90061	0.19051236
0.90060735	0.23182067
0.90056056	0.23712409
0.9006899	0.1402283
0.90042436	0.33481404
0.90050966	0.19448867
0.9005508	0.23008123
0.9006348	0.20606251
0.90067506	0.252998
0.90084344	0.16344158
0.9008398	0.22194904
0.90092117	0.18952718
0.9008327	0.24231045
0.9009134	0.21930812
0.90086764	0.28048563
0.9009058	0.2506534
0.9010267	0.18342932
0.90106386	0.24482952
0.9011007	0.1998719
0.9010141	0.23429695
0.9010917	0.2005756
0.9010058	0.3004263
0.90100175	0.29039305
0.90119964	0.15823178
0.90135574	0.1837223
0.9014305	0.17302528
0.90146464	0.1791554
0.90145886	0.24864423
0.90157187	0.19161049
0.9015262	0.26176593
0.9013631	0.28185016
0.90147513	0.15383837
0.9014694	0.23182993
0.9014637	0.16282965
0.90141934	0.24906875
0.9012983	0.3339633
0.90129334	0.20112413
0.90147954	0.14010717
0.9013596	0.33032376
0.9013545	0.17870656
0.9015005	0.15152079
0.90145725	0.22779596
0.90160185	0.14988776
0.9016332	0.23162393
0.90158993	0.21469292
0.9018808	0.11605012
0.9019847	0.18204424
0.9019406	0.23450628
0.9020435	0.16848385
0.9017802	0.38859093
0.9017373	0.20958988
0.9016221	0.24484633
0.9016162	0.26180768
0.9017185	0.24288867
0.9016764	0.24146709
0.9016704	0.19584772
0.901807	0.1835332
0.90180063	0.27528575
0.90179425	0.23723778
0.90175265	0.2065213
0.90167624	0.20432147
0.90167034	0.28106043
0.9015947	0.26232627
0.90158916	0.29052317
0.901653	0.23073763
0.90171635	0.17158496
0.90157276	0.30612773
0.9015674	0.26839408
0.9015278	0.25698814
0.90131825	0.28934804
0.9013817	0.20731625
0.90147847	0.18446413
0.9012712	0.30566716
0.9012333	0.2248789
0.9012962	0.18149042
0.9012251	0.21800375
0.9012543	0.23954634
0.90115064	0.31250224
0.9010807	0.21974263
0.90104425	0.19612293
0.90107363	0.26419657
0.901201	0.17142859
0.90129495	0.13932739
0.9013558	0.17618565
0.90131897	0.30559504
0.90137935	0.16787177
0.9013105	0.26088104
0.9010174	0.33368346
0.9009822	0.23452516
0.90101093	0.16559063
0.90103954	0.2187117
0.90084606	0.2796813
0.9010961	0.16965933
0.9009667	0.29159284
0.9009009	0.30726123
0.90111715	0.15803616
0.9011136	0.21891268
0.9010169	0.277291
0.9010757	0.1801291
0.9011033	0.21965075
0.9010383	0.25818685
0.9010044	0.21938556
0.90100133	0.2365852
0.90099823	0.186375
0.90093434	0.2709514
0.9009012	0.24924476
0.90095896	0.18004066
0.9009862	0.21925297
0.90080285	0.2877571
0.90065056	0.30608273
0.90061873	0.25185162
0.90079564	0.1299113
0.9007339	0.2763031
0.9007613	0.24792351
0.90081817	0.19134888
0.90075684	0.24920471
0.90081334	0.14761926
0.9008402	0.21621417
0.9007502	0.22551775
0.90080625	0.24974543
0.9005717	0.33913982
0.900599	0.21899566
0.9004819	0.32829574
0.90042293	0.22783035
0.900393	0.22518806
0.90039194	0.25856155
0.9003052	0.25248238
0.9003897	0.1495941
0.9005304	0.1944352
0.9003592	0.44070956
0.90030175	0.23920557
0.90024465	0.255653
0.90015984	0.22101584
0.9001594	0.22462022
0.9002426	0.19604662
0.9003254	0.18701486
0.90029675	0.23484698
0.90032357	0.25719652
0.9003227	0.18790285
0.9001843	0.27359325
0.90023863	0.21004936
0.900238	0.25751606
0.9002646	0.19084878
0.90015507	0.29995102
0.90031743	0.1595376
0.9001813	0.31415597
0.9001808	0.20625004
0.899965	0.34854326
0.89985776	0.28035617
0.8999652	0.19356072
0.899992	0.22242688
0.8999654	0.25604224
0.9001248	0.11451462
0.90004504	0.25081065
0.89991283	0.3447505
0.8998867	0.28711638
0.89993954	0.1989813
0.8998349	0.28022742
0.8997831	0.2987836
0.8998618	0.17055497
0.8998362	0.20321746
0.89978474	0.29776847
0.89981115	0.27561387
0.89988905	0.12856844
0.8999151	0.219154
0.89996666	0.18697017
0.8999667	0.19048399
0.8998391	0.33769065
0.89981407	0.2539844
0.89983994	0.23143746
0.89991635	0.17348352
0.8999166	0.25470802
0.89986634	0.25375324
0.89999247	0.15803738
0.90006775	0.17058384
0.9000926	0.23760958
0.9001423	0.20339988
0.90011704	0.2572484
0.90019125	0.1890587
0.90021557	0.1975473
0.9002645	0.18752137
0.90023917	0.23602402
0.90028775	0.21544096
0.90033615	0.18599308
0.9003598	0.21070611
0.900188	0.3571664
0.9001145	0.2613777
0.9000899	0.275642
0.9000897	0.22652215
0.90011364	0.23293811
0.9001616	0.20737329
0.90020937	0.22610345
0.9001368	0.32625917
0.9000886	0.22112776
0.9000167	0.27563444
0.89992136	0.2632405
0.89989775	0.21665677
0.899898	0.2150631
0.89982724	0.25497255
0.89980406	0.27195588
0.8997103	0.2788153
0.8997345	0.17390469
0.8997585	0.25064775
0.89987606	0.17536148
0.899923	0.1977795
0.89996976	0.19691618
0.8999698	0.24771777
0.8999699	0.22512676
0.89996994	0.31256998
0.89999306	0.2491857
0.90003914	0.22871464
0.900039	0.24058118
0.90003896	0.23407741
0.9000617	0.20770195
0.90015274	0.20506136
0.9002207	0.16315666
0.9002656	0.2296974
0.9002876	0.22640198
0.900287	0.19969234
0.9001511	0.3048911
0.9001282	0.28010398
0.9001055	0.24966364
0.90001565	0.31158698
0.9000603	0.20477802
0.90008247	0.20971628
0.90014905	0.1484831
0.90028185	0.15010802
0.9002591	0.22167698
0.90034693	0.13094069
0.90025795	0.24698278
0.9002794	0.21422295
0.9003446	0.16926226
0.9003439	0.22466993
0.9004961	0.13224089
0.9004514	0.25961417
0.90047216	0.1694301
0.90042776	0.23924063
0.90051347	0.16465607
0.90051234	0.2281402
0.90044653	0.30008307
0.9004886	0.23966272
0.90059495	0.13238426
0.900658	0.22135328
0.9006352	0.2306095
0.9006125	0.27603713
0.9006325	0.2578637
0.9006524	0.24471922
0.90065104	0.20651121
0.900692	0.28357756
0.9006483	0.30124798
0.9005837	0.2570064
0.9006245	0.24116729
0.9006442	0.23617199
0.9006219	0.21359271
0.900537	0.38186702
0.9006193	0.24082966
0.9006804	0.22108771
0.90072054	0.20163578
0.90080196	0.17167446
0.900821	0.23573509
0.9007986	0.25434968
0.9007764	0.27898958
0.90077484	0.1978784
0.90079373	0.22446308
0.9007921	0.19233245
0.90093344	0.1493274
0.9010743	0.10666862
0.90105176	0.26963466
0.9010496	0.22016607
0.90106773	0.2277665
0.901106	0.18664154
0.90112394	0.2168409
0.9011821	0.19301862
0.90115964	0.2654741
0.90123755	0.14435957
0.9012551	0.20617868
0.9012925	0.17731035
0.9013498	0.21289279
0.9013073	0.25649366
0.90136427	0.23839343
0.9013219	0.25951344
0.9013984	0.16911627
0.9014746	0.18688847
0.90155053	0.18097076
0.9015475	0.2273073
0.90156406	0.22646397
0.9015414	0.24681348
0.9015775	0.19059902
0.90145737	0.3939285
0.9014545	0.22547278
0.90149057	0.18484408
0.9015846	0.14833279
0.9015816	0.21645722
0.9014819	0.29035908
0.90147907	0.22764856
0.90157247	0.15117888
0.90153104	0.23409744
0.90162396	0.15383364
0.9015634	0.25104856
0.9015604	0.20129679
0.90161467	0.20606697
0.9014974	0.3093724
0.90153253	0.16539478
0.9015486	0.20967388
0.9015457	0.20650457
0.9015805	0.21675007
0.9015587	0.21654168
0.9016122	0.19992997
0.9015904	0.20963122
0.90160614	0.22230273
0.90156573	0.2730263
0.9016375	0.15109424
0.9016717	0.17388016
0.9017058	0.21972406
0.901647	0.23106997
0.90155125	0.33023322
0.90162235	0.15367152
0.9017486	0.15383448
0.90176386	0.21224712
0.9018342	0.18466696
0.9018675	0.15797395
0.90182745	0.22076859
0.9018607	0.18172802
0.9018573	0.20874439
0.9018904	0.18951815
0.9019779	0.1185013
0.9020106	0.17443861
0.90197074	0.21981607
0.90200335	0.20923246
0.9019998	0.2660979
0.90205026	0.17289114
0.90206456	0.19039458
0.90204287	0.20571272
0.90211093	0.17017262
0.90212506	0.2302594
0.90212125	0.21786785
0.9020818	0.2614874
0.9020959	0.2109727
0.9020744	0.22433126
0.90203524	0.21347483
0.90206707	0.2046485
0.9020988	0.23342094
0.9020951	0.1807076
0.9021266	0.20722128
0.902158	0.19704425
0.90211916	0.2542679
0.9021329	0.26424226
0.9021992	0.19553989
0.9022303	0.22837791
0.9022787	0.18175988
0.9022051	0.22081125
0.9022187	0.20562084
0.9022495	0.15224516
0.9021764	0.33048666
0.90213805	0.22706889
0.9021171	0.30868644
0.9021479	0.17725477
0.9021614	0.22176434
0.90215766	0.20720209
0.90217113	0.18755785
0.9021845	0.20406784
0.9021808	0.24176905
0.90214294	0.25456658
0.9022074	0.19966988
0.9022206	0.21785104
0.90213203	0.29615214
0.9022131	0.16850464
0.90217555	0.27136204
0.90220565	0.19952421
0.9021851	0.24610431
0.90221506	0.1843372
0.9022449	0.22621822
0.90222436	0.21869244
0.9022039	0.19787052
0.90223366	0.18014485
0.9022133	0.20843028
0.9022262	0.259569
0.90230566	0.16271678
0.9023516	0.13737951
0.90243053	0.14507148
0.90242654	0.24297556
0.90238947	0.2720573
0.90238553	0.2513016
0.90244746	0.15366241
0.9025256	0.11811891
0.90247226	0.3248625
0.9025337	0.16489486
0.9025132	0.20081465
0.9025254	0.19450897
0.9025702	0.1895898
0.9025335	0.23613693
0.90251315	0.2675024
0.9024928	0.21017362
0.90237546	0.46686664
0.90240395	0.21080433
0.9024001	0.19420053
0.9023962	0.2224806
0.9024084	0.2065158
0.9023564	0.28582636
0.90233654	0.351719
0.90241283	0.14453703
0.902425	0.16341032
0.90238917	0.2518092
0.90249693	0.15566461
0.90249294	0.24103872
0.90250486	0.22193637
0.90245336	0.26800433
0.9025128	0.12737572
0.90255624	0.1794937
0.90252066	0.26209146
0.9025639	0.19223726
0.90259135	0.17780572
0.90263444	0.207045
0.9025205	0.26030028
0.9025479	0.2053946
0.9026377	0.16237865
0.9026024	0.23225115
0.9026295	0.16514103
0.90259427	0.3062762
0.9026524	0.17320973
0.9027103	0.13505942
0.9027836	0.17833664
0.9027793	0.22537574
0.9028213	0.15628107
0.90278614	0.20637982
0.9028126	0.19591908
0.90279293	0.22762708
0.9027733	0.22442341
0.90278435	0.21527442
0.9028107	0.23499732
0.90276057	0.22799101
0.90277165	0.1914138
0.9028436	0.1262669
0.90286964	0.15697592
0.9028805	0.20880719
0.9029216	0.17271705
0.90290207	0.26115224
0.90286744	0.22861637
0.9028631	0.26818103
0.9028437	0.2542505
0.9028394	0.23009884
0.90286523	0.22756897
0.90290594	0.18554427
0.9028416	0.2312563
0.90285236	0.27237445
0.9028929	0.2291997
0.9029184	0.18163362
0.90294385	0.18527728
0.9029989	0.16631347
0.90300936	0.21302609
0.9030345	0.18068068
0.90298563	0.3104634
0.9030108	0.28034103
0.9030211	0.19928674
0.9030166	0.2041992
0.9029828	0.21926723
0.90302247	0.1507215
0.90301806	0.20019962
0.90302825	0.22731704
0.90297997	0.28634605
0.9030194	0.16771927
0.90304416	0.20374544
0.90308344	0.15717976
0.903079	0.22746147
0.9030454	0.25780866
0.90307003	0.3075481
0.9030077	0.24318115
0.90307564	0.20485741
0.9031001	0.20250987
0.90306675	0.2495307
0.90303355	0.2985531
0.9029717	0.27876732
0.9030535	0.1294124
0.9030205	0.24403279
0.9030448	0.19260351
0.903069	0.26342198
0.9030932	0.18706813
0.90316004	0.17377263
0.90322673	0.14550167
0.9031937	0.21885478
0.9032459	0.14475384
0.9032697	0.21224695
0.9032934	0.22546883
0.9032746	0.25652108
0.9032276	0.2446307
0.90326536	0.20201854
0.90326077	0.27331656
0.90322804	0.2601164
0.90327966	0.17965703
0.90323305	0.26671275
0.9032145	0.2283958
0.903224	0.20570368
0.90323347	0.16952835
0.90322894	0.17946626
0.90322447	0.2581521
0.90322	0.24208166
0.903271	0.1587451
0.9032665	0.28493947
0.9032343	0.29667103
0.90324366	0.22007969
0.90317017	0.31018594
0.90319335	0.1813694
0.9031339	0.29236612
0.9031021	0.20503625
0.90309787	0.20754224
0.9031621	0.18243617
0.90322626	0.13901918
0.9031945	0.23547062
0.90324473	0.1267839
0.90326756	0.18663037
0.9032495	0.19742453
0.9032179	0.1803479
0.9032407	0.2075331
0.9032363	0.22117092
0.90324545	0.23234676
0.9032411	0.20036884
0.9032772	0.18796813
0.90320534	0.2857227
0.903228	0.18355893
0.9031699	0.30168784
0.90315217	0.22313413
0.90318817	0.20353149
0.9031973	0.18725282
0.9032332	0.21287067
0.9032823	0.1623377
0.9033579	0.16564247
0.9033401	0.21966986
0.903349	0.20780681
0.9033844	0.18858978
0.90340644	0.21985233
0.90344167	0.15209357
0.9034636	0.16733387
0.9034987	0.19827011
0.90349406	0.19356488
0.9034763	0.24542679
0.9034849	0.2920051
0.9035066	0.17604713
0.9034889	0.1872942
0.90343183	0.25645754
0.9034797	0.1272002
0.90346205	0.2080358
0.9034314	0.21446106
0.9034139	0.2464687
0.9033183	0.32578242
0.903353	0.20068944
0.9034136	0.15623769
0.9033443	0.31674007
0.9033399	0.24225274
0.9033615	0.20328422
0.9033701	0.22145896
0.90337867	0.19625598
0.90340006	0.20307815
0.9034472	0.1779962
0.9034299	0.26252618
0.9034512	0.23434025
0.9034724	0.18565512
0.90348077	0.1761485
0.9035275	0.17318574
0.90348464	0.32641503
0.90350574	0.17516106
0.90347576	0.29120776
0.90350956	0.17457287
0.9035051	0.30737954
0.9034752	0.2215371
0.90352154	0.1639454
0.90352976	0.19543934
0.90356326	0.18703465
0.9036093	0.18929775
0.9035164	0.31546938
0.90353715	0.15910466
0.90358305	0.1947941
0.90359116	0.20517395
0.9036368	0.18610485
0.9036699	0.18251447
0.90369034	0.21357848
0.90367323	0.2143733
0.90364367	0.29896522
0.9036516	0.24774006
0.90368444	0.12931529
0.9037047	0.17962253
0.9037374	0.16694766
0.9037203	0.2653532
0.9037281	0.18322286
0.90377307	0.19444051
0.90383023	0.18865067
0.9038749	0.132074
0.9038084	0.27166188
0.90380377	0.259065
0.9037498	0.25384006
0.9037944	0.1689541
0.903802	0.2001967
0.9038096	0.24318117
0.9038172	0.26887196
0.9038737	0.18049532
0.9039056	0.18951537
0.9038764	0.3146529
0.9038839	0.19318402
0.903867	0.23249882
0.9038623	0.21117876
0.9038333	0.26954734
0.90385294	0.20568289
0.9039088	0.15774038
0.9039041	0.27299356
0.9039115	0.2677721
0.9039188	0.21875559
0.90392613	0.17119838
0.9039816	0.19310163
0.9039528	0.25367078
0.90399605	0.15175459
0.90401524	0.2050148
0.9040464	0.15282983
0.9040535	0.18531866
0.9040726	0.23749025
0.9041155	0.15053116
0.9041702	0.14904276
0.9041414	0.22354302
0.9041722	0.1781818
0.90419096	0.1738212
0.9041979	0.21574181
0.9042047	0.19355346
0.90422344	0.19709145
0.90421844	0.22056793
0.90427256	0.15860754
0.9042911	0.17980488
0.9043332	0.17327648
0.90432805	0.16793054
0.90435827	0.16516085
0.90441185	0.11676425
0.9044184	0.22871037
0.9044484	0.20867752
0.90446657	0.18853898
0.90448475	0.20856974
0.9044912	0.22868343
0.90446264	0.32301238
0.9044807	0.21057403
0.9043708	0.37114528
0.90433085	0.27318618
0.904349	0.15457223
0.9043672	0.19286515
0.9043969	0.18825287
0.9044149	0.21433973
0.9044214	0.21793868
0.9044624	0.17715932
0.90448034	0.242309
0.9045097	0.1806776
0.90455055	0.20497642
0.9045223	0.23981409
0.90454006	0.14854743
0.9045463	0.1937412
0.90454113	0.23369421
0.9045702	0.21157749
0.9045536	0.18856993
0.9045484	0.16891766
0.90450907	0.35907954
0.9044584	0.31534204
0.9044988	0.19164066
0.90455043	0.17954348
0.9045226	0.2789859
0.9044948	0.25832847
0.9045124	0.17444667
0.9044847	0.19540796
0.90443444	0.27935746
0.9044407	0.22786318
0.9044357	0.25288716
0.90444195	0.20050655
0.9044145	0.23732227
0.9044208	0.21832669
0.90443826	0.18076909
0.90442204	0.1984116
0.90439475	0.22803298
0.90436745	0.2151437
0.90434027	0.25804368
0.90435773	0.19566746
0.9043083	0.2715708
0.90435916	0.16288348
0.90433204	0.22774722
0.90428287	0.29271558
0.9042781	0.21733256
0.90427333	0.2354554
0.9042133	0.3971547
0.9042307	0.19261782
0.904204	0.2713769
0.9042104	0.1861413
0.9042388	0.15228423
0.9042121	0.22535637
0.90425146	0.1698752
0.90429074	0.18915612
0.904297	0.20285168
0.9043251	0.22118814
0.90430945	0.22887644
0.9043157	0.242051
0.904311	0.25259894
0.9042845	0.2777318
0.90434515	0.15956083
0.9043622	0.16753301
0.90433574	0.23572464
0.9043636	0.2042912
0.9043263	0.23313037
0.90431076	0.24382031
0.90431696	0.29317877
0.9043555	0.11347734
0.9043076	0.27099982
0.9042382	0.36462906
0.9042876	0.17569019
0.90431523	0.16488077
0.90429986	0.21830675
0.9043382	0.1532479
0.90438724	0.15735124
0.90436107	0.26117587
0.9043457	0.22411515
0.90436244	0.17287813
0.90434706	0.2407502
0.9043638	0.19536647
0.9044018	0.18061483
0.9044291	0.15510768
0.90444565	0.1932752
0.90441966	0.24033484
0.90442556	0.19999938
0.90444213	0.16818951
0.9044586	0.19047451
0.90449625	0.18707931
0.90454435	0.1359752
0.90457124	0.21147245
0.9045875	0.21189688
0.9045721	0.27598178
0.9045147	0.32556143
0.90452045	0.1611927
0.9045472	0.1884375
0.90454245	0.23604652
0.90456915	0.18959618
0.9045539	0.31577474
0.90457004	0.15776052
0.9045653	0.27557108
0.90457094	0.23297562
0.90459746	0.17308615
0.9046031	0.23576519
0.90466076	0.12561235
0.90465593	0.2508851
0.90461993	0.33562222
0.90462554	0.21321924
0.9046207	0.23554286
0.90467805	0.14069979
0.9046732	0.19024543
0.9046684	0.24133362
0.90465325	0.25075915
0.9046794	0.24448042
0.90470546	0.16979674
0.9046903	0.21133424
0.90470606	0.15765978
0.90470123	0.23668905
0.9047272	0.1737764
0.90471214	0.2924478
0.90474826	0.19410188
0.9047843	0.1725434
0.90477943	0.21136865
0.90477455	0.2233574
0.90476966	0.21287702
0.90480554	0.22101802
0.90483123	0.23062064
0.9048466	0.21889001
0.90485185	0.18740013
0.9048368	0.19497558
0.90488255	0.14761728
0.90491813	0.16265632
0.9049132	0.20873177
0.9049183	0.18155457
0.9049335	0.20808804
0.90493864	0.26015407
0.9049538	0.19440418
0.904979	0.15638334
0.90500414	0.21022311
0.9050494	0.1765519
0.90500414	0.3218553
0.9049691	0.24121156
0.9049541	0.22404781
0.9049291	0.2240532
0.9049542	0.17477117
0.9049293	0.26712394
0.90495425	0.1756459
0.9050091	0.18451086
0.90498424	0.2784905
0.905029	0.14655024
0.90500414	0.22749506
0.9050488	0.13735072
0.90502393	0.28123245
0.905019	0.22428527
0.90503377	0.23701948
0.9051079	0.073054425
0.90510285	0.20914811
0.90503865	0.35840026
0.90508294	0.13190003
0.9050976	0.17876871
0.9051221	0.1675216
0.9051269	0.18346739
0.905171	0.17611422
0.90519536	0.28525743
0.90522945	0.17721087
0.90525365	0.14405924
0.9052583	0.19266307
0.90530205	0.14341748
0.9053261	0.2099623
0.9053502	0.1949045
0.9053742	0.17550372
0.905369	0.24177034
0.90540266	0.17321125
0.90536827	0.2875327
0.90535337	0.30900005
0.90535784	0.2289795
0.9054011	0.16241366
0.90543455	0.1589322
0.9053906	0.35573512
0.9054144	0.16874756
0.90545744	0.15116018
0.9054329	0.24501711
0.90542763	0.19739462
0.9054513	0.18628564
0.90551335	0.117614806
0.90551764	0.21199988
0.9055507	0.14613281
0.90556455	0.17296933
0.90554005	0.2432427
0.90560174	0.10821663
0.90558684	0.28854012
0.905591	0.23805563
0.9056143	0.23955423
0.9056185	0.17086689
0.9056322	0.15374875
0.90562683	0.27276707
0.905669	0.17640713
0.9056921	0.19387743
0.90573406	0.13475765
0.9057476	0.17190129
0.90575165	0.23432368
0.90575564	0.20610121
0.905788	0.16718762
0.9058203	0.1851725
0.90580535	0.22512954
0.9057716	0.26093733
0.905738	0.29830727
0.90572315	0.30507758
0.90570843	0.29579186
0.9057406	0.13007452
0.9057446	0.2527079
0.90574855	0.2538674
0.9057619	0.19678363
0.9057939	0.18379273
0.90581656	0.20079428
0.9058018	0.23616296
0.9058057	0.20621645
0.9058096	0.28896853
0.90586	0.13816652
0.9058825	0.20297743
0.905877	0.20311303
0.9058623	0.25997928
0.90585685	0.2417403
0.9058514	0.26710874
0.905846	0.1965977
0.9058406	0.20814553
0.9058352	0.22569554
0.90584826	0.16449207
0.90583366	0.22490424
0.90588355	0.12450461
0.90586895	0.22037129
0.90584517	0.29922998
0.9058398	0.21655245
0.9058528	0.23010801
0.90591156	0.14571387
0.9059153	0.21495251
0.9059008	0.25810838
0.90589535	0.22523513
0.9058991	0.1989933
0.9058846	0.3073419
0.9058975	0.20629494
0.9058739	0.20324083
0.90585035	0.30186585
0.9058632	0.18289046
0.90587604	0.20312005
0.90587074	0.20890816
0.9058926	0.16268323
0.9059416	0.14496154
0.9059634	0.18493101
0.9060123	0.13835064
0.906043	0.16249232
0.90605557	0.17457731
0.9060862	0.21420947
0.9060717	0.24371888
0.90604824	0.21978302
0.9060338	0.22189888
0.9060374	0.20398459
0.9060589	0.26239166
0.90608037	0.21270213
0.9060928	0.16060068
0.90607846	0.23130985
0.90611774	0.15459085
0.9060765	0.23518758
0.90605325	0.22969961
0.9060478	0.2521469
0.90610486	0.11185631
0.906135	0.17941688
0.90614736	0.16390839
0.9061597	0.20994212
0.9061542	0.23359518
0.90619314	0.12627006
0.90621424	0.16894932
0.9061733	0.28672168
0.9061678	0.21881273
0.9061978	0.14733753
0.9061746	0.25325462
0.9061692	0.21850082
0.9061725	0.19321246
0.9061054	0.38660794
0.90610886	0.21294074
0.90608585	0.23976322
0.90609807	0.2046029
0.9060752	0.24525972
0.9060347	0.30132154
0.90605575	0.20566347
0.9060855	0.14132588
0.9060539	0.2714131
0.9060836	0.17244415
0.906087	0.22763523
0.9060817	0.18562485
0.90609384	0.22582367
0.90611464	0.19061752
0.90614414	0.20546427
0.90613884	0.16850515
0.9061943	0.09921742
0.90622365	0.19884048
0.9062096	0.34779158
0.90624756	0.16440727
0.90628546	0.2009816
0.90625405	0.21572776
0.90624	0.23061417
0.90627784	0.13552624
0.90626377	0.23384598
0.90627563	0.21683455
0.90626156	0.26076734
0.9062304	0.25249502
0.9061906	0.29575706
0.90618527	0.18427731
0.9062057	0.17870426
0.90622616	0.1654494
0.90617794	0.35447633
0.9061812	0.15029244
0.9062273	0.16833681
0.9062305	0.19305938
0.90625936	0.18333414
0.90623695	0.30408132
0.9062572	0.15423013
0.90628594	0.1987961
0.9063147	0.13999091
0.9063348	0.14785632
0.90638894	0.095642336
0.906358	0.25935057
0.9063781	0.15865837
0.9063896	0.1913038
0.9063927	0.18426023
0.9063788	0.23635994
0.90638185	0.19198583
0.906368	0.3643255
0.9063373	0.25265697
0.9063573	0.17222595
0.9063688	0.25516403
0.90633816	0.25186965
0.9063076	0.2931076
0.9063275	0.17535728
0.9063306	0.23404625
0.90636724	0.14187059
0.90632	0.25861564
0.90630627	0.22451253
0.90635127	0.13870174
0.90638775	0.1662612
0.90637404	0.20410503
0.90635204	0.23617245
0.9063634	0.18214922
0.9063581	0.24400073
0.90636116	0.20709363
0.9063725	0.19071513
0.9063589	0.26260355
0.90631205	0.26466003
0.9063317	0.1274636
0.9063513	0.17932212
0.90637094	0.2154259
0.90641534	0.094552286
0.90641004	0.24842072
0.9064461	0.13413839
0.9064325	0.25033873
0.9063777	0.27666688
0.90638894	0.16156933
0.90640014	0.17388077
0.90640306	0.16218793
0.9063896	0.27450988
0.90638435	0.21047041
0.9063791	0.24651226
0.90637386	0.2365354
0.90640146	0.16532558
0.9064126	0.22431105
0.9064401	0.13972504
0.90645933	0.16449061
0.9064704	0.22657101
0.90648144	0.19969217
0.90650064	0.15159917
0.90649533	0.27460727
0.9065145	0.16490299
0.9065336	0.15126519
0.9065202	0.20876716
0.906523	0.16892633
0.9065177	0.22631925
0.90649617	0.26920757
0.906499	0.19977112
0.9065018	0.22071864
0.9065128	0.19079264
0.90653175	0.26277
0.90653455	0.2165613
0.90656966	0.16354024
0.90661275	0.18385935
0.9065994	0.24340008
0.90661824	0.12367354
0.9066612	0.14944966
0.9066639	0.19863164
0.9066505	0.23421708
0.90663713	0.2023711
0.9066799	0.10830202
0.9067147	0.14041774
0.9066933	0.2462947
0.9067199	0.20807143
0.90667456	0.33403292
0.90668523	0.24814545
0.9066639	0.24748497
0.90671444	0.113674186
0.9066772	0.26429036
0.90665597	0.21393402
0.90661085	0.28491384
0.90663743	0.21189357
0.9066639	0.18769395
0.90665865	0.21401483
0.9066692	0.19018711
0.90664804	0.24608366
0.90661114	0.30518544
0.90665334	0.123456545
0.90661645	0.28036362
0.90661913	0.1576116
0.9066613	0.110644095
0.9066797	0.20306525
0.90669024	0.21379735
0.90668494	0.24042055
0.9066561	0.23820715
0.9066666	0.16456348
0.90667707	0.16500348
0.90671104	0.12542501
0.90671366	0.20401877
0.90670055	0.24692336
0.9067109	0.26233923
0.9066744	0.25109982
0.9066848	0.21837983
0.9067187	0.1584422
0.90674466	0.22124809
0.9067862	0.1538926
0.90676534	0.31326646
0.9067834	0.18187003
0.9068171	0.17597628
0.90685064	0.14179252
0.9068298	0.22261147
0.9068555	0.18520626
0.90684247	0.19462794
0.9068449	0.23465642
0.9068241	0.23602481
0.90685755	0.14440817
0.9068832	0.16266106
0.9068933	0.17289208
0.9068648	0.29315495
0.9068904	0.21416159
0.90691596	0.18187742
0.9069106	0.17932355
0.9068976	0.27103013
0.90687686	0.31024352
0.906887	0.18556017
0.90689707	0.18363596
0.90689945	0.22462237
0.90686345	0.2876195
0.9068812	0.16451748
0.9068989	0.13360758
0.9069013	0.18754198
0.9069266	0.16800164
0.9068984	0.23116298
0.90688545	0.24047455
0.9069565	0.08601396
0.90692073	0.24007438
0.9069154	0.1780452
0.906933	0.18056189
0.90695816	0.16772889
0.90696806	0.15810972
0.9069552	0.21888183
0.9069727	0.18244429
0.90693706	0.26409933
0.9069318	0.23917376
0.9069417	0.1436977
0.9069667	0.14183259
0.90698415	0.15522145
0.9069562	0.25266448
0.9069887	0.15003592
0.90699095	0.20895673
0.90696305	0.3082561
0.9069654	0.19537506
0.90696764	0.25958788
0.9069474	0.29594794
0.90695715	0.16964373
0.90694445	0.20217182
0.9069392	0.24345848
0.906979	0.14470981
0.90698874	0.23744445
0.90697604	0.27109832
0.9070008	0.20612063
0.90702546	0.21855387
0.9070575	0.16610509
0.9070224	0.3048879
0.9070097	0.26951146
0.9070119	0.1986265
0.9069695	0.25803313
0.9069643	0.25996777
0.9069963	0.13785249
0.90702826	0.14513892
0.90703046	0.20844758
0.9070104	0.2648836
0.9070052	0.22132078
0.90701485	0.22318275
0.9069948	0.25521296
0.90697485	0.21824563
0.9069771	0.19427301
0.9069941	0.15130323
0.9070332	0.1400977
0.9070502	0.16023865
0.90706706	0.21154004
0.9070913	0.18086903
0.9071156	0.16425352
0.90712506	0.25311807
0.9071492	0.18117598
0.9071513	0.23484623
0.90715337	0.16576868
0.90715545	0.22051574
0.90718687	0.16465639
0.90718895	0.23181215
0.907213	0.13471441
0.907215	0.23089954
0.9072097	0.23265763
0.90721905	0.18117522
0.9072211	0.21411732
0.9072377	0.1763066
0.9072397	0.205364
0.90722716	0.21694176
0.9071855	0.2922008
0.9071876	0.20403796
0.9071969	0.19212806
0.9071989	0.16924685
0.90720093	0.21097422
0.9072247	0.19465905
0.90721226	0.28587115
0.907236	0.14748837
0.90721625	0.24398667
0.9072472	0.14320979
0.9072131	0.2934995
0.90723675	0.16932148
0.90726036	0.14188373
0.9072479	0.23661369
0.9072787	0.12959039
0.9072735	0.23639397
0.9072611	0.19184548
0.90730613	0.12729163
0.90729374	0.30901694
0.9072885	0.2971041
0.9073191	0.1468557
0.9072852	0.3389439
0.9072871	0.2057596
0.90728194	0.20367774
0.907291	0.18389899
0.9072858	0.22109462
0.907302	0.13945165
0.9073325	0.14544083
0.90734863	0.1597425
0.9073434	0.17789057
0.90735245	0.22065093
0.90736145	0.1410976
0.9073633	0.2732417
0.9073723	0.20956215
0.90738124	0.21106647
0.9073973	0.15475798
0.9074062	0.14087126
0.90742224	0.1718927
0.90745234	0.117924176
0.90744	0.25726688
0.9074701	0.1297536
0.90746486	0.23494501
0.90751606	0.117612764
0.9075248	0.28945085
0.9075477	0.17703249
0.9075143	0.30502108
0.90750897	0.23401593
0.90751773	0.16409494
0.90751946	0.24918677
0.9074931	0.25790912
0.90751594	0.14048335
0.9075387	0.15682007
0.9075615	0.17317715
0.9075912	0.1836125
0.9075649	0.2556731
0.9075876	0.17798632
0.90756834	0.27879927
0.907591	0.20584193
0.9075577	0.31926656
0.90755945	0.18612173
0.9075681	0.17340748
0.9075698	0.18824482
0.9075715	0.19942847
0.907601	0.12425447
0.9076305	0.13020633
0.9075974	0.2843337
0.907613	0.18201591
0.90757996	0.3673774
0.90755385	0.2455047
0.9075694	0.20379221
0.90755725	0.23260586
0.9075797	0.13770528
0.90760213	0.16772611
0.90761757	0.141895
0.90762615	0.15845077
0.9076485	0.17724131
0.9076501	0.15045027
0.90767926	0.11874524
0.9077084	0.16026919
0.90773064	0.13500753
0.9077528	0.18541497
0.9077475	0.26842824
0.9077765	0.18630533
0.9077849	0.20802987
0.90778637	0.23384109
0.9077948	0.20012297
0.90781	0.16673054
0.90781146	0.18969983
0.90783346	0.18743835
0.9078486	0.11489697
0.90784323	0.25251535
0.9078447	0.19218348
0.9078803	0.14419562
0.9078954	0.17725986
0.9079172	0.15446672
0.90791863	0.1885133
0.90794045	0.19111122
0.90796906	0.18877818
0.9079772	0.1611808
0.9079989	0.13489863
0.9080206	0.16264778
0.90805584	0.13858548
0.90809107	0.14484611
0.90811944	0.14306545
0.90814775	0.13074376
0.9081355	0.19948703
0.9081367	0.23156692
0.90815824	0.17053291
0.9081797	0.20926327
0.9081877	0.19096819
0.9082091	0.16026117
0.9082238	0.15227726
0.9082115	0.23155396
0.9082531	0.12965442
0.9082542	0.23211825
0.90826213	0.17644937
0.9082901	0.13423748
0.90827787	0.21525322
0.9082924	0.14245372
0.90828013	0.18313436
0.908288	0.16575398
0.90828246	0.16115743
0.90826356	0.25249553
0.9082647	0.19446488
0.90825254	0.25752133
0.908267	0.25810364
0.9082882	0.15373105
0.908296	0.23543768
0.9083038	0.23086883
0.9083315	0.116913185
0.90835917	0.16637579
0.908347	0.25705215
0.9083614	0.18326461
0.90836245	0.18439852
0.9083834	0.16896133
0.9083845	0.21377543
0.90841866	0.16438104
0.9083999	0.30429238
0.9083745	0.2719907
0.9083623	0.23047489
0.90837663	0.13139778
0.9083777	0.17289221
0.9083392	0.3085409
0.90832055	0.2712516
0.90831506	0.21384613
0.90828985	0.2926697
0.90831727	0.13406955
0.9083315	0.13912004
0.908326	0.1965259
0.90835994	0.18927628
0.90838075	0.15824836
0.9084014	0.14551169
0.90840906	0.18548207
0.908397	0.22419363
0.9083588	0.30983952
0.9083795	0.17164078
0.9083936	0.12137494
0.9084012	0.15646125
0.9084283	0.19080852
0.9084293	0.20103289
0.90842384	0.2065606
0.9084444	0.105587915
0.9084064	0.32798877
0.90842694	0.16758436
0.90844744	0.16128936
0.90844846	0.2093174
0.9084819	0.17086194
0.9084959	0.16802484
0.90850335	0.17112598
0.9085043	0.22436427
0.9084988	0.17167386
0.9085192	0.16097322
0.90854603	0.19170177
0.90855986	0.15197955
0.9085543	0.2115917
0.90857464	0.15886502
0.90858203	0.21841732
0.90858936	0.21595894
0.9085967	0.20242535
0.90862334	0.13443485
0.9086693	0.10701485
0.90865725	0.26854494
0.90868384	0.1333472
0.90869755	0.16795732
0.90869194	0.20893225
0.9086735	0.26855588
0.9086808	0.23030198
0.9087009	0.12299213
0.9087145	0.17175263
0.9087345	0.17505467
0.9087289	0.23420513
0.9087617	0.12707196
0.9087752	0.23344484
0.9087696	0.21918741
0.90874493	0.300488
0.9087457	0.22431292
0.908772	0.15310211
0.90873456	0.33661103
0.90872264	0.21848325
0.90872985	0.21772651
0.9087433	0.20634754
0.9087124	0.29762137
0.9086942	0.26849008
0.90870136	0.2027284
0.9086832	0.18750788
0.9086777	0.2060063
0.9086532	0.28521824
0.90865403	0.23408501
0.9086549	0.22414692
0.9086621	0.19822198
0.90864396	0.26859325
0.90863854	0.19009466
0.908652	0.14819531
0.90867174	0.16059513
0.9086537	0.21851045
0.9086357	0.28575116
0.9086554	0.17706893
0.9086625	0.16341895
0.90869474	0.11707664
0.90870184	0.20496666
0.9086964	0.20951277
0.90867215	0.27075943
0.90866673	0.2312414
0.90866756	0.21418007
0.9086684	0.20764156
0.90867543	0.20911355
0.9086888	0.15111163
0.9087208	0.12170002
0.9087029	0.2875668
0.9086912	0.22006232
0.90869826	0.19968286
0.9087053	0.16611761
0.9086999	0.21417275
0.9087007	0.21788177
0.9086829	0.2643567
0.9087023	0.17626949
0.9086659	0.28051263
0.9086853	0.16141987
0.90867996	0.2422839
0.90868074	0.25422415
0.90870637	0.17819446
0.9087381	0.1377237
0.9087327	0.19049291
0.908752	0.17811225
0.9087466	0.1725607
0.90872884	0.2620598
0.9087605	0.13714322
0.90876126	0.2337956
0.9087744	0.1975909
0.90874434	0.2817854
0.90878814	0.08364335
0.9087889	0.16571291
0.9088204	0.1599271
0.9088088	0.22388805
0.90882796	0.15515098
0.9088103	0.22484942
0.9088356	0.15217265
0.9088485	0.18181977
0.9088186	0.26530102
0.9088438	0.169382
0.9088384	0.22127849
0.90885746	0.17293283
0.9088582	0.26679397
0.9088833	0.17763552
0.90889007	0.18105488
0.90888464	0.21101919
0.9089097	0.2068301
0.90892255	0.17927533
0.90895367	0.12888563
0.9089604	0.19928457
0.90897316	0.14268231
0.9089799	0.17140938
0.9089683	0.17642696
0.90895075	0.23614919
0.90892714	0.25556907
0.90890354	0.28795293
0.9089042	0.17571305
0.90890485	0.21292005
0.9089116	0.16181378
0.90891224	0.22417197
0.9089129	0.20429806
0.9089317	0.14115101
0.90895647	0.14867964
0.908933	0.33428004
0.9089396	0.13576576
0.90897644	0.11083627
0.908971	0.2271543
0.90898967	0.18266353
0.90901434	0.13511486
0.90902096	0.17655736
0.9090276	0.2060594
0.90901613	0.2559187
0.9090107	0.22467543
0.9090233	0.17603317
0.90898794	0.28690422
0.9089826	0.22036816
0.90898913	0.16289777
0.90895385	0.31800324
0.9089545	0.20519572
0.90897304	0.20948163
0.9089617	0.2423542
0.90897423	0.17910843
0.908951	0.30240127
0.90896356	0.16180748
0.9089701	0.1689005
0.9089767	0.20916103
0.9089892	0.20890379
0.9090136	0.15438595
0.90901417	0.22698104
0.9090029	0.23134463
0.90904504	0.14640038
0.90905154	0.24283506
0.90905803	0.17407343
0.90906453	0.18344785
0.90905917	0.22732943
0.90904784	0.20515577
0.90904254	0.25423995
0.9090549	0.25457847
0.9090673	0.21406357
0.9090974	0.18574536
0.9091215	0.1715705
0.9091279	0.15021127
0.90914613	0.12159654
0.90918195	0.08839995
0.909153	0.23158565
0.90916526	0.14904085
0.90917164	0.18027145
0.90914273	0.28416902
0.9091491	0.2443005
0.9091613	0.24149011
0.90916187	0.20379373
0.9091741	0.18263407
0.90917456	0.19780955
0.90917504	0.19473973
0.90913457	0.30417433
0.9091409	0.18956432
0.90914726	0.17048453
0.90913606	0.20249666
0.9091074	0.28261092
0.90911955	0.13240738
0.9091434	0.1312883
0.90915555	0.24702455
0.909156	0.2104507
0.9091449	0.2079234
0.9091454	0.2154795
0.9091575	0.17096637
0.9091406	0.26535127
0.9091527	0.2059756
0.9091126	0.3253027
0.9091015	0.23001398
0.90908456	0.27361995
0.90905035	0.26040965
0.9090451	0.22434448
0.90906304	0.18571497
0.90906936	0.16454086
0.9090699	0.22630782
0.90909934	0.0985494
0.9091056	0.19584484
0.90910614	0.22824289
0.9091124	0.20209299
0.9091417	0.12791152
0.909148	0.17388923
0.90912545	0.31432578
0.9091202	0.23489319
0.90909773	0.30470368
0.909104	0.20404334
0.90910447	0.21762472
0.90912795	0.115395546
0.9091342	0.1895986
0.90915763	0.15937681
0.9091581	0.19321774
0.9091357	0.2864318
0.90913045	0.20874739
0.90914243	0.20774302
0.90912	0.23714466
0.9091491	0.13758788
0.9091325	0.27042627
0.90913296	0.17820507
0.9091277	0.23087318
0.9091225	0.21435517
0.9091116	0.26221988
0.9091292	0.14839168
0.90910697	0.21989019
0.9091018	0.21519496
0.90909094	0.22383709
0.90910846	0.18840075
0.90911466	0.20752609
0.9091038	0.21495476
0.90912133	0.11068208
0.90911615	0.2026494
0.909145	0.10746895
0.9091398	0.2572789
0.90912896	0.33688685
0.9091521	0.12735848
0.90913564	0.19662416
0.90916437	0.12439043
0.9091705	0.19940513
0.9091879	0.112065926
0.90919966	0.16813707
0.90919447	0.16665977
0.9091949	0.25281602
0.90921223	0.1875981
0.90920144	0.18229893
0.9092188	0.16422665
0.9092361	0.18403292
0.9092421	0.18035454
0.9092594	0.21002
0.9092598	0.19942565
0.9092378	0.26454142
0.90927184	0.14065216
0.90925545	0.22439542
0.90926147	0.2182545
0.9092563	0.22705616
0.9092735	0.15713076
0.9092627	0.21948156
0.9092799	0.19117662
0.9092747	0.17359094
0.9093086	0.14558762
0.9093257	0.20845062
0.9093261	0.19818802
0.9093042	0.27429774
0.90931016	0.1668528
0.909305	0.2301345
0.90933317	0.11691915
0.9093391	0.2180438
0.9093506	0.22728765
0.90936756	0.11411548
0.9093846	0.11393025
0.9093849	0.23206699
0.9094019	0.14325033
0.9094078	0.15928747
0.9094192	0.17225227
0.90941954	0.23200595
0.9093977	0.27696323
0.909387	0.2309354
0.9093818	0.1956766
0.9093932	0.15491922
0.90938246	0.19965385
0.9094049	0.20572875
0.9094107	0.17682864
0.9094111	0.18430483
0.90940034	0.24065433
0.90941167	0.1990056
0.9093955	0.24188389
0.90938485	0.30514133
0.90940166	0.17982182
0.9094075	0.20396072
0.9094298	0.17839827
0.90944105	0.1593204
0.9094249	0.33631718
0.9094581	0.09167208
0.90947485	0.14809842
0.90946966	0.23391289
0.90946996	0.19461177
0.90948665	0.14122763
0.90949786	0.13839298
0.90951455	0.20053835
0.9095366	0.15761791
0.9095205	0.23759636
0.90952075	0.18824421
0.90951556	0.25150236
0.9094995	0.30620334
0.90948886	0.27252427
0.9095218	0.12204544
0.9095112	0.1791864
0.90951145	0.25017467
0.90951717	0.18834087
0.9094957	0.22169578
0.9095123	0.15674073
0.90951794	0.19849701
0.90952903	0.19896092
0.90954554	0.16592796
0.9095675	0.18413699
0.9095785	0.21103984
0.9095517	0.26241463
0.90958977	0.1037063
0.9096062	0.23842478
0.9096118	0.1841456
0.9096013	0.21808395
0.90961766	0.16740505
0.9096286	0.13264899
0.9096396	0.17364556
0.9096344	0.20681784
0.90966153	0.09290049
0.909694	0.097615354
0.9097103	0.1450881
0.9097051	0.20922601
0.90969986	0.20657524
0.90970004	0.15424553
0.90969485	0.2845159
0.90971106	0.1782706
0.9096844	0.2610172
0.9097007	0.1314631
0.9097062	0.19302756
0.90970635	0.21919613
0.9097172	0.1722918
0.90972805	0.19201536
0.9097389	0.16218075
0.9097497	0.15316968
0.90976584	0.13035306
0.9097766	0.17015691
0.90977675	0.17910053
0.90977156	0.2461977
0.90978765	0.13299961
0.9097984	0.17096294
0.90982515	0.11453496
0.9098465	0.13980034
0.90984124	0.2299757
0.90984136	0.26281986
0.9098255	0.30747855
0.90981495	0.23619248
0.90979385	0.2614748
0.9098046	0.1593707
0.90980995	0.1957509
0.90981007	0.23099558
0.9098155	0.17988805
0.90981555	0.19754761
0.90981567	0.1964623
0.9098422	0.14007713
0.9098317	0.20869519
0.90983707	0.20315783
0.909816	0.2814008
0.90981084	0.21708462
0.90982676	0.13429654
0.9098374	0.16482665
0.9098427	0.15194681
0.90984285	0.17058562
0.9098324	0.23650621
0.9098325	0.19060883
0.90982735	0.1946445
0.90983266	0.160572
0.90985376	0.1442897
0.9098486	0.298208
0.90984863	0.26017648
0.90988016	0.10071223
0.90990645	0.13160582
0.9099274	0.15768175
0.9099274	0.19383146
0.909917	0.20524912
0.90995365	0.106680915
0.90992236	0.32671624
0.9099328	0.17116705
0.90995896	0.15990148
0.9099381	0.31764576
0.9099538	0.11697891
0.9099486	0.23435263
0.9099798	0.12575899
0.90995383	0.29572687
0.90994346	0.27293378
0.9099487	0.19850951
0.90993834	0.24696216
0.90993315	0.1838052
0.90994877	0.14022955
0.9099436	0.21621242
0.909954	0.23377518
0.909954	0.22566396
0.9099489	0.19646345
0.9099696	0.13766037
0.9099955	0.1045227
0.91000587	0.16102514
0.9099955	0.2447847
0.9100162	0.17181233
0.9100265	0.21522105
0.9100523	0.13183796
0.9100471	0.2599914
0.9100419	0.24777848
0.910078	0.089148894
0.91009855	0.12084827
0.91008306	0.24435502
0.9101139	0.10869257
0.9101395	0.10636252
0.9101343	0.17398478
0.9101445	0.12640123
0.91016495	0.12743364
0.91015977	0.18958618
0.91016996	0.16612872
0.9101647	0.2245052
0.9101595	0.22708777
0.91018504	0.089163214
0.9102003	0.16613851
0.9102002	0.22220235
0.9102001	0.24579434
0.9102	0.20058286
0.9101897	0.26817033
0.9101947	0.18131667
0.9102099	0.15843304
0.91019446	0.29608384
0.9102046	0.20213868
0.91023	0.16140456
0.91022986	0.17829332
0.9102348	0.2596863
0.9102449	0.14385682
0.91027015	0.15067436
0.91025984	0.24197707
0.91028005	0.093454055
0.9103053	0.10999115
0.91032547	0.14405262
0.9103202	0.21217056
0.91032004	0.2230002
0.91032493	0.2036355
0.91033995	0.18590572
0.9103499	0.17522158
0.9103497	0.19398735
0.91034955	0.22894369
0.9103342	0.25582793
0.9103088	0.3255629
0.9103339	0.12567371
0.91033876	0.18671326
0.91034365	0.22204317
0.9103334	0.2208645
0.9103383	0.25321248
0.91036326	0.1526671
0.9103782	0.19442032
0.9103629	0.23712803
0.91039795	0.12179146
0.9104128	0.19449586
0.9104327	0.10937048
0.91041744	0.290717
0.9104323	0.12782604
0.910417	0.20157428
0.9104318	0.13555886
0.91044164	0.15038785
0.9104564	0.13184276
0.9104612	0.19678769
0.910481	0.15570994
0.91047573	0.24765526
0.9104755	0.24206913
0.9104553	0.22452877
0.91049004	0.07760904
0.91049975	0.2074837
0.9104945	0.19738747
0.91051424	0.12500837
0.91051894	0.15945227
0.91052365	0.14706856
0.9105184	0.264186
0.9105132	0.22875725
0.910503	0.20876785
0.91052264	0.1139415
0.9105472	0.11422647
0.91057175	0.14204213
0.9105715	0.1812855
0.91059107	0.16893558
0.91060066	0.16823526
0.9106103	0.14435026
0.910605	0.1608948
0.91063446	0.138072
0.91063905	0.15463586
0.91062886	0.24629298
0.91060877	0.26884153
0.9106332	0.16561626
0.91062796	0.23357697
0.9106079	0.24324152
0.9106273	0.18877009
0.910627	0.2555192
0.91064644	0.1260292
0.9106806	0.08795739
0.91068023	0.17915653
0.9106701	0.2250843
0.9106796	0.17048532
0.9106792	0.21978837
0.91068876	0.18061066
0.9107031	0.1484508
0.91073227	0.11356304
0.91072696	0.22715944
0.9107413	0.15295997
0.9107508	0.13308105
0.91077006	0.13137846
0.91078925	0.22225188
0.91078883	0.19166812
0.91080314	0.17182022
0.91081256	0.26958176
0.91080236	0.3085114
0.91078246	0.30415413
0.91081625	0.12545754
0.9108012	0.19045652
0.91083497	0.10757234
0.91083455	0.19195332
0.91084874	0.18322599
0.9108532	0.13197307
0.9108528	0.15274568
0.9108524	0.28495637
0.91087145	0.13500634
0.910871	0.22606787
0.9108657	0.23288687
0.910875	0.17175111
0.91084063	0.28850868
0.9108353	0.25055832
0.9108301	0.21657662
0.91083455	0.24430664
0.9108584	0.1514055
0.91084826	0.19790341
0.91087204	0.12931308
0.91088134	0.16584565
0.91087604	0.20051545
0.9108853	0.19332983
0.9108752	0.22348419
0.91088444	0.17464976
0.910884	0.22193998
0.9108836	0.15995191
0.9109169	0.11404991
0.9109454	0.1290467
0.9109642	0.10944022
0.91096854	0.17728606
0.9109777	0.1789129
0.9109869	0.16942489
0.9110056	0.10494706
0.91100514	0.19458432
0.91100466	0.18925416
0.9110186	0.14572284
0.9110133	0.24846043
0.91099364	0.27303928
0.91099316	0.20558277
0.9110119	0.15087387
0.9110353	0.14735302
0.91102046	0.28306046
0.91103435	0.16389479
0.9110721	0.09779611
0.9110859	0.18380386
0.91109973	0.18017714
0.9111088	0.20316921
0.9110987	0.26308683
0.91110295	0.16384195
0.9110881	0.252696
0.91109234	0.19800177
0.9110871	0.2149443
0.91110563	0.1547999
0.911086	0.25567895
0.91107124	0.29414952
0.91107076	0.19438915
0.91107976	0.15438522
0.9110792	0.232794
0.91109294	0.15594126
0.9111067	0.17520528
0.91110617	0.28125787
0.91109616	0.23317535
0.91108614	0.23346277
0.9110856	0.15930264
0.9110993	0.17450042
0.91110355	0.21369305
0.9110983	0.24947229
0.9111025	0.23465225
0.9111114	0.18776841
0.91110146	0.20941211
0.9111293	0.13649261
0.91115236	0.1031688
0.91115654	0.1524381
0.9111701	0.13107698
0.9111743	0.1503244
0.9111831	0.14194101
0.9112014	0.14494315
0.91118675	0.25956845
0.91119087	0.19648068
0.91119033	0.21360199
0.91119444	0.1518581
0.9112174	0.119514875
0.91123563	0.09615912
0.91123974	0.29573318
0.9112438	0.23278362
0.9112479	0.21870029
0.911252	0.18739633
0.9112374	0.28054082
0.9112462	0.15245593
0.91124094	0.2590788
0.911245	0.15561801
0.91125846	0.16917357
0.91125786	0.18166667
0.9112713	0.1792591
0.9112847	0.17947417
0.9112981	0.1459363
0.91131616	0.17743212
0.9113342	0.13480219
0.91134757	0.112767085
0.9113563	0.1957723
0.91135097	0.15931901
0.9113829	0.09886525
0.9114009	0.12761159
0.91138166	0.22063349
0.91137636	0.19290207
0.91138965	0.15138294
0.91138434	0.25583053
0.9114023	0.18781061
0.9114109	0.19878197
0.91142416	0.16515768
0.9114374	0.17220716
0.9114599	0.12623322
0.91147774	0.17315747
0.9114771	0.16541351
0.9114949	0.13833503
0.91148955	0.15410703
0.9115027	0.19598956
0.91152054	0.13135119
0.911506	0.28044277
0.91152376	0.13625127
0.91152304	0.21092395
0.911527	0.1794877
0.91154927	0.1389362
0.9115578	0.17900799
0.91156167	0.17804645
0.9115794	0.15470937
0.9115971	0.21858808
0.9115917	0.21021026
0.911591	0.24276322
0.91159487	0.14930253
0.9116033	0.17450191
0.9115796	0.27157363
0.9115835	0.21717513
0.9115782	0.19615945
0.91157746	0.1755487
0.9115813	0.16803215
0.91158515	0.18770911
0.91158444	0.18479288
0.91159284	0.13886341
0.91160583	0.16623709
0.9116097	0.25789657
0.9116044	0.24772877
0.9116219	0.13087703
0.91162574	0.19688274
0.91163415	0.15910542
0.91163796	0.17845565
0.9116509	0.1822932
0.9116501	0.24473912
0.91165394	0.18219608
0.9116623	0.2251902
0.911657	0.24890266
0.9116517	0.24157204
0.91166	0.14788915
0.91163653	0.34899497
0.9116449	0.14948657
0.91165775	0.15482175
0.91163886	0.21718843
0.91165173	0.18839201
0.9116555	0.18509634
0.91164565	0.23834357
0.91164947	0.17404242
0.9116759	0.13956879
0.91168416	0.18296431
0.9116789	0.20716259
0.9117098	0.10415119
0.91169995	0.2496252
0.9116902	0.22586012
0.91170293	0.14807814
0.9117112	0.23205578
0.91174203	0.15362702
0.91174126	0.14846593
0.91175395	0.15915054
0.9117532	0.1516724
0.9117344	0.27982554
0.91171557	0.2355416
0.9117193	0.23356354
0.911723	0.21085544
0.9117133	0.28594178
0.91169006	0.3170761
0.9116758	0.22682522
0.91169304	0.090935536
0.91169226	0.2149374
0.91168255	0.23666124
0.9116907	0.18636118
0.9117034	0.21728416
0.91171163	0.23151486
0.91172874	0.1229092
0.91172796	0.18325369
0.91173166	0.19353372
0.91173536	0.18552625
0.91173905	0.13705449
0.9117517	0.19432347
0.9117688	0.13332161
0.9117546	0.211215
0.9117761	0.12578745
0.9117709	0.24841566
0.911779	0.123564154
0.9117871	0.1635111
0.91180414	0.12255578
0.91183	0.14364752
0.911847	0.13020039
0.91184175	0.26171184
0.9118498	0.13565955
0.9118712	0.099443816
0.9118837	0.14831917
0.911874	0.28179216
0.9118909	0.13496749
0.9118812	0.23307282
0.91187596	0.20974515
0.9118751	0.17747359
0.9118876	0.13493557
0.91190445	0.14592826
0.9119036	0.21845613
0.9119204	0.196026
0.9119152	0.17360374
0.9119276	0.12848021
0.91193116	0.16890675
0.9119126	0.26270154
0.911925	0.15602556
0.9119286	0.23554912
0.9119366	0.17742531
0.9119489	0.15629262
0.91193926	0.28471524
0.9119384	0.20485935
0.9119332	0.27478716
0.9119411	0.14589483
0.91193587	0.29934558
0.9119394	0.27663508
0.91193855	0.17339247
0.91194206	0.17766185
0.9119544	0.13022098
0.91194475	0.1921049
0.91193515	0.20417309
0.91192555	0.2150341
0.9119466	0.11471099
0.91194135	0.18986131
0.9119624	0.13771296
0.91197467	0.13509622
0.9119826	0.17238837
0.9120079	0.09487608
0.91201144	0.21505804
0.9120324	0.15418799
0.91203153	0.23414457
0.91204375	0.16558245
0.9120341	0.22511795
0.91202015	0.26149106
0.91204107	0.11062894
0.91202706	0.23158781
0.9120349	0.20412984
0.9120384	0.18823919
0.91204184	0.15065025
0.9120453	0.15784483
0.9120618	0.14638749
0.9120696	0.20365995
0.9120687	0.19648439
0.91207653	0.19915879
0.9120843	0.1661667
0.91207904	0.25096336
0.91208684	0.19747204
0.9121076	0.11854816
0.912111	0.21869113
0.91211444	0.15949367
0.9121005	0.27533188
0.9120996	0.255131
0.91209006	0.25100964
0.91210645	0.16972223
0.91209257	0.25892657
0.912083	0.23901048
0.9120864	0.269272
0.9121071	0.13324177
0.91211486	0.17462617
0.91213983	0.100282505
0.9121389	0.23947039
0.91213363	0.21304683
0.91213703	0.25763625
0.9121404	0.15990938
0.9121567	0.20231792
0.9121558	0.23699817
0.9121678	0.14568633
0.91215825	0.25240603
0.9121444	0.34059292
0.9121478	0.20108548
0.9121683	0.12675446
0.91216743	0.26578775
0.91217935	0.16296455
0.9121698	0.25816318
0.91218174	0.13024911
0.91217226	0.21596016
0.9121628	0.23854932
0.9121661	0.24044964
0.91217375	0.19088621
0.91218567	0.13371843
0.9121847	0.20017132
0.9122094	0.0773191
0.9122085	0.20222877
0.91221607	0.16696428
0.9122151	0.2379247
0.91220564	0.24226807
0.912209	0.18220289
0.91221654	0.15893209
0.9122199	0.17645498
0.9122104	0.22909315
0.9122052	0.19567867
0.9122128	0.14672418
0.91221607	0.16357261
0.9122109	0.19736513
0.9122057	0.18905431
0.9121963	0.24184485
0.9122123	0.15609427
0.91221565	0.2104632
0.91221046	0.22117029
0.9122222	0.13883536
0.9122171	0.237072
0.9122161	0.24201804
0.91223633	0.13121904
0.91225654	0.12904754
0.91226405	0.1829881
0.91227156	0.1514406
0.9122706	0.2129636
0.9122443	0.25294727
0.91223913	0.19198756
0.9122509	0.19340268
0.912271	0.08914846
0.91227007	0.19401607
0.9122649	0.20516646
0.91227233	0.20083232
0.9122925	0.12897657
0.91230834	0.1699772
0.9123284	0.15602659
0.9123443	0.15012707
0.91235167	0.15207504
0.9123591	0.22025618
0.9123833	0.1544596
0.91237813	0.24037956
0.9123771	0.18843329
0.91238874	0.1751793
0.9124045	0.13634391
0.91241187	0.18681766
0.9124025	0.251783
0.91238475	0.29183063
0.9123921	0.15599783
0.91240364	0.1356656
0.9124194	0.14170341
0.91244346	0.14172256
0.91246754	0.1302013
0.9124582	0.20545238
0.91246545	0.18799844
0.9124728	0.1994071
0.91245925	0.21549192
0.91245824	0.26356477
0.91245717	0.17458652
0.91247284	0.13114643
0.91248435	0.13995928
0.9124833	0.1646463
0.91248643	0.16874225
0.9124979	0.18391386
0.91250515	0.13517752
0.9124916	0.26450536
0.9124989	0.15704814
0.9125145	0.14398319
0.9125259	0.17881548
0.912529	0.18753271
0.912528	0.21604052
0.9125269	0.1575824
0.91253	0.14596376
0.91254556	0.15454525
0.9125486	0.21421903
0.91257244	0.1100264
0.9125672	0.22706592
0.9125744	0.18521984
0.9125816	0.29916376
0.91258055	0.2295957
0.91257954	0.2137228
0.9125826	0.17211123
0.9125774	0.21318938
0.9125928	0.1203817
0.91259587	0.18149894
0.9126113	0.14577496
0.91261435	0.16933888
0.9126133	0.21043833
0.9126204	0.15676892
0.9126111	0.2050072
0.91261005	0.21049985
0.91259664	0.28857437
0.9126079	0.13316116
0.91258216	0.24614266
0.91260576	0.12329602
0.9126047	0.18562843
0.9126036	0.18748514
0.9125943	0.26763374
0.9126138	0.13936152
0.9126086	0.25123218
0.91262394	0.19280598
0.912627	0.16532156
0.9126054	0.27986026
0.9126166	0.1425939
0.9126115	0.20253606
0.9126104	0.27489483
0.91259295	0.24060507
0.91259193	0.2608925
0.9126195	0.08900376
0.91261023	0.18805584
0.9126132	0.16287474
0.9126285	0.14920473
0.91261923	0.23706251
0.9126223	0.20388733
0.91262937	0.19532777
0.91263235	0.15063454
0.9126272	0.22526892
0.9126506	0.12715673
0.9126373	0.29912972
0.9126403	0.1275173
0.9126636	0.110385045
0.9126788	0.17707628
0.9126736	0.23401766
0.91270095	0.122341834
0.9126999	0.19677794
0.9127191	0.14156666
0.9127017	0.25869027
0.91268444	0.31470984
0.9126995	0.15156315
0.9126863	0.19831936
0.9126974	0.1323535
0.91269624	0.1794728
0.9127033	0.16836849
0.9127143	0.21483631
0.9127375	0.11183239
0.91276467	0.082182094
0.9127716	0.17589349
0.9127745	0.20076461
0.9127895	0.11059778
0.91279244	0.21114014
0.91280746	0.15797244
0.9128023	0.16839744
0.91278505	0.25436747
0.912788	0.22077999
0.91278684	0.16434532
0.9127817	0.21565796
0.9127886	0.12621598
0.91279554	0.16041511
0.9127824	0.27594152
0.9127933	0.10192934
0.9127962	0.22450598
0.9128031	0.1523863
0.912818	0.12873976
0.9128089	0.26082322
0.91281575	0.15277475
0.91280663	0.26605937
0.9128135	0.13088438
0.9128204	0.20429756
0.91282326	0.19371073
0.9128261	0.21620572
0.912821	0.187034
0.9128079	0.26917937
0.91281474	0.19827902
0.91282564	0.13638236
0.9128205	0.18467534
0.9128194	0.23795591
0.91283023	0.22339632
0.9128291	0.19727865
0.9128479	0.124260366
0.91284275	0.26085436
0.9128416	0.2177083
0.91285247	0.13388003
0.91286325	0.15177083
0.9128621	0.32130787
0.912865	0.16678597
0.9128837	0.12505637
0.91288656	0.23228917
0.91288537	0.25870034
0.91289616	0.177704
0.91289103	0.17808056
0.91290575	0.17418957
0.91291255	0.14308253
0.91291535	0.19839616
0.9129261	0.14706087
0.9129131	0.20685582
0.9129357	0.148148
0.9129464	0.16818757
0.9129571	0.15755358
0.9129678	0.17122042
0.91295475	0.2723827
0.91295755	0.18877275
0.9129524	0.287415
0.9129631	0.14705332
0.91296196	0.17209789
0.91298443	0.14097744
0.91300297	0.11655382
0.9130097	0.20612852
0.9130164	0.13454343
0.91301125	0.25969705
0.9130219	0.16501692
0.9130168	0.25674608
0.91301167	0.20322017
0.91301835	0.16873865
0.9130368	0.11563794
0.9130435	0.13057604
0.91305405	0.18671082
0.91306466	0.1978614
0.9130674	0.1790493
0.9130623	0.2321657
0.91308457	0.16350533
0.91311085	0.13122103
0.91311747	0.2066486
0.9131358	0.1829114
0.91314244	0.20162849
0.9131373	0.23608398
0.91314	0.16667122
0.9131544	0.13495077
0.91318446	0.10440924
0.9131793	0.2281881
0.9131781	0.23414242
0.9131885	0.1305177
0.91320294	0.14352375
0.9132134	0.18218136
0.91322774	0.12989461
0.91323817	0.16110104
0.91322523	0.22936457
0.913224	0.21966894
0.9132149	0.30171117
0.91323316	0.12767851
