0.58	1.3831693
0.59	1.045269
0.58	1.4215822
0.565	1.7602675
0.58	0.989872
0.5833333	1.2610533
0.5971429	0.9843395
0.5975	1.2237601
0.5977778	1.0660278
0.604	1.055318
0.59727275	1.4652404
0.6041667	1.2849039
0.6007692	1.1213855
0.6028572	1.1616801
0.6066667	0.9188397
0.610625	0.9389286
0.61235297	1.0308468
0.61388886	1.1102048
0.61526316	0.97385794
0.62	0.96217585
0.61761904	1.0927281
0.62045455	1.0698475
0.6273913	0.5644404
0.63	0.84274864
0.628	1.041121
0.63269234	0.81818753
0.6348148	0.8436321
0.6364286	0.773516
0.63655174	1.0658615
0.64033335	0.7869198
0.6412903	1.0699297
0.6421875	0.93859774
0.6442424	0.8352386
0.6479412	0.8746504
0.64914286	0.85380584
0.65166664	0.74107707
0.65216213	0.894274
0.65552634	0.72509867
0.65615386	0.81894755
0.657	0.64190567
0.6590244	0.67227536
0.6602381	0.9269798
0.66186047	0.7752255
0.6636364	0.7966557
0.6648889	0.918216
0.6667391	0.72476226
0.6676596	0.69043565
0.66979164	0.6223565
0.67163265	0.5467069
0.673	0.78834397
0.67490196	0.6471324
0.6763462	0.69619805
0.67698115	1.0042002
0.67703706	0.8918287
0.67963636	0.48483768
0.6817857	0.6376281
0.68245614	0.7381314
0.6827586	0.80250585
0.6840678	0.5118546
0.68383336	0.8395103
0.68508196	0.7800543
0.6848387	0.93035173
0.6869841	0.41561714
0.6878125	0.6787956
0.68938464	0.63044554
0.69045454	0.6551456
0.689403	0.81648725
0.6908823	0.6490234
0.6914493	0.5788267
0.6922857	0.6854934
0.6928169	0.72944367
0.69305557	0.576627
0.6930137	0.71269536
0.6927027	0.87369704
0.69306666	0.69156075
0.6931579	0.7685478
0.6948052	0.57146925
0.6953846	0.5665289
0.6959494	0.6333272
0.696125	0.7274102
0.6969136	0.6934206
0.69731706	0.6124436
0.69759035	0.85981107
0.6983333	0.6093491
0.69905883	0.57020605
0.6995349	0.5669984
0.69931036	0.86529803
0.70045453	0.54993063
0.7011236	0.5362751
0.7021111	0.48363137
0.70296705	0.54627705
0.7032609	0.5414624
0.70419353	0.62246263
0.7043617	0.79017997
0.7048421	0.54758054
0.7054167	0.5779486
0.70670104	0.43685928
0.707551	0.4845055
0.7079798	0.7465517
0.7083	0.5589684
0.7086139	0.6191301
0.70892155	0.83833426
0.70912623	0.6139122
0.70884615	0.6613419
0.70980954	0.5725329
0.71	0.6655187
0.71	0.5337169
0.71018517	0.6700372
0.7109174	0.6583086
0.7112727	0.60531163
0.71198195	0.4585633
0.7125	0.45605454
0.71274334	0.72515494
0.71289474	0.6923476
0.71382606	0.40666252
0.71422416	0.6176238
0.7151282	0.56842047
0.71601695	0.415531
0.71722686	0.36987156
0.7173333	0.5518342
0.7180165	0.40435982
0.7182787	0.63321894
0.7187805	0.53946215
0.71911293	0.5569911
0.7196	0.51079065
0.71992064	0.6124296
0.71976376	0.49245602
0.7203906	0.45099545
0.7209302	0.52865654
0.72115386	0.57350206
0.72175574	0.52081305
0.7214394	0.586394
0.7220301	0.4146487
0.7229851	0.47330624
0.7231852	0.62833935
0.72338235	0.6253575
0.7241606	0.444935
0.72471017	0.49530324
0.72482014	0.66463614
0.7254286	0.5105333
0.72553194	0.60745
0.72598594	0.54521126
0.72615385	0.5963349
0.72618055	0.55772966
0.7264138	0.6699445
0.7265753	0.59215
0.7270748	0.44906357
0.7270946	0.6435225
0.7275168	0.51680106
0.7278	0.50509936
0.7281457	0.55634546
0.72875	0.54953414
0.72915035	0.5422132
0.7298052	0.5216632
0.7304516	0.404169
0.73070514	0.46270818
0.7310828	0.48339984
0.7313924	0.506131
0.7318239	0.41750327
0.7325625	0.37445846
0.73279506	0.67704314
0.73314816	0.45247996
0.7334969	0.45987493
0.73390245	0.5669081
0.7343636	0.5018572
0.7343976	0.5141798
0.73479044	0.5532682
0.7356548	0.30894402
0.73597634	0.51866484
0.7362941	0.53444767
0.73654974	0.4863652
0.73668605	0.52502733
0.73687863	0.4918849
0.7373563	0.5037156
0.7379429	0.36941695
0.7381818	0.50527644
0.7387571	0.38908532
0.7391011	0.4776064
0.7396648	0.38993055
0.74027777	0.31258827
0.7401105	0.60510725
0.74	0.5675034
0.73983604	0.5880485
0.7397283	0.5354149
0.7403243	0.40952846
0.740914	0.33406207
0.74096256	0.6112659
0.7415426	0.40166655
0.7420106	0.45393762
0.74231577	0.46314752
0.7424084	0.5455204
0.7423958	0.5605438
0.74264246	0.5012107
0.7426289	0.5831062
0.74302566	0.39801368
0.7431633	0.41304356
0.743401	0.46595156
0.74348485	0.47012052
0.7435678	0.6083897
0.74385	0.536427
0.74388057	0.5428831
0.7440594	0.5457994
0.74453205	0.39489
0.74460787	0.5406146
0.7449756	0.46753925
0.7453398	0.38341165
0.74560386	0.53009284
0.74596155	0.47820115
0.7461244	0.47664782
0.74633336	0.5951728
0.7468246	0.39450872
0.74679244	0.5658247
0.7471362	0.42461222
0.7474299	0.3714023
0.74776745	0.35244742
0.7476389	0.70252985
0.7473272	0.6651121
0.7477064	0.37636748
0.7477169	0.5024366
0.748	0.47257924
0.74819005	0.40840176
0.74833333	0.42566586
0.74878925	0.32807636
0.74901783	0.45682514
0.7493333	0.37961754
0.7492478	0.5929346
0.7496035	0.37655765
0.7498684	0.39258796
0.7500547	0.43583244
0.7504465	0.36030284
0.7507915	0.4014745
0.7510904	0.4484709
0.7514297	0.3906894
0.7518517	0.38124058
0.75205696	0.3488216
0.7523878	0.4525338
0.7525045	0.5774376
0.752494	0.4656015
0.7526512	0.5256192
0.75272363	0.46722966
0.75250447	0.5518274
0.7526183	0.46838138
0.753061	0.32782906
0.75329477	0.42795825
0.75356746	0.40249607
0.7539602	0.37759578
0.754228	0.42898917
0.75469565	0.37583122
0.75491816	0.3909076
0.7551388	0.45904693
0.75523806	0.56374896
0.75553524	0.4393103
0.75583005	0.32600966
0.7556888	0.5151527
0.7557843	0.48924416
0.7561529	0.37810737
0.7564018	0.41281283
0.75660986	0.4114699
0.7565843	0.4435201
0.7566745	0.45453793
0.7569943	0.35614473
0.7571205	0.4560697
0.75728375	0.4098894
0.7574838	0.43633378
0.75768226	0.44205153
0.75784165	0.5226133
0.7580748	0.41915047
0.75823146	0.3937881
0.758387	0.40860146
0.7586527	0.3303841
0.7588794	0.34928444
0.75914127	0.43804455
0.75918114	0.41545737
0.75922066	0.45782444
0.75966054	0.33454052
0.75998837	0.3258799
0.7601692	0.49127385
0.760637	0.29171622
0.7608501	0.45915222
0.7610974	0.3300687
0.7610935	0.5192356
0.7614803	0.3659762
0.7618289	0.34237686
0.76178724	0.48258606
0.7615701	0.55444574
0.7617397	0.41665408
0.76204765	0.32353276
0.762284	0.36818013
0.76238	0.50580394
0.7627171	0.28477558
0.76287985	0.40487388
0.76293856	0.48899007
0.7631678	0.34660777
0.7633614	0.43398926
0.7635876	0.3100841
0.7638123	0.3878555
0.7641366	0.38093796
0.764358	0.38483602
0.7646113	0.36670503
0.76472944	0.40223834
0.76501316	0.3513038
0.7649633	0.46028373
0.7651783	0.419361
0.7655565	0.30629665
0.7657025	0.4217374
0.7659129	0.37359607
0.7658284	0.48200542
0.76616704	0.36342707
0.7664063	0.41821805
0.76664406	0.34436986
0.76681584	0.41977188
0.76692235	0.4854314
0.76706016	0.38234073
0.7672609	0.40546352
0.7676193	0.3564979
0.7676902	0.45378667
0.7677923	0.43992028
0.7678307	0.44424972
0.76799446	0.34225392
0.7681259	0.46700904
0.7684749	0.2933818
0.7688217	0.27890775
0.7689804	0.4702319
0.76919985	0.44525716
0.76929474	0.45842066
0.76948124	0.40151381
0.7696053	0.39098072
0.7697286	0.32588527
0.76991206	0.37524363
0.7699123	0.47239372
0.7698521	0.5848603
0.7700033	0.4289398
0.7701236	0.42928112
0.7702431	0.43307328
0.7704815	0.32091844
0.77071846	0.3172302
0.7708055	0.41922012
0.7710993	0.29117805
0.7713028	0.3506579
0.7712107	0.4398771
0.7712071	0.42918065
0.7714085	0.40273175
0.7716379	0.39562404
0.7716914	0.3490485
0.7718606	0.41503766
0.7717973	0.41842258
0.77196527	0.4567675
0.7721898	0.3510395
0.7723843	0.37351605
0.7724347	0.41361278
0.77248484	0.48021653
0.77273375	0.3263792
0.7727544	0.50237876
0.7729445	0.3581302
0.77313364	0.3400656
0.7733498	0.3780527
0.7735087	0.304307
0.7737506	0.3422203
0.774019	0.3658242
0.7743416	0.32199782
0.7746346	0.34574765
0.77489835	0.244449
0.77518827	0.29671922
0.775394	0.36536935
0.77559865	0.25735128
0.77585685	0.32034284
0.7760046	0.3033308
0.77593386	0.50912416
0.7758906	0.5465662
0.7759829	0.39454216
0.7760477	0.44569084
0.7761391	0.44458783
0.77623	0.4130147
0.7763739	0.4170234
0.77673066	0.26961902
0.7768991	0.30876026
0.7769073	0.48382965
0.77702147	0.39186227
0.7771878	0.38106814
0.77724797	0.3803725
0.7775442	0.2853699
0.77762926	0.32718727
0.7776877	0.4208543
0.77779806	0.38987482
0.7780378	0.23849227
0.77796507	0.46402347
0.7779704	0.47998616
0.7779756	0.5085957
0.77808374	0.37146267
0.7782427	0.36590415
0.7783752	0.3594704
0.7784815	0.32062683
0.77840894	0.57388383
0.77856547	0.32784125
0.7785691	0.430028
0.7785727	0.42948636
0.7787024	0.38420802
0.7786805	0.45552784
0.77880925	0.3807219
0.7789874	0.33804372
0.7790149	0.39494663
0.7792166	0.36160523
0.77929306	0.33891213
0.77946824	0.34150106
0.77942014	0.44842273
0.77942157	0.4263728
0.7794722	0.41646636
0.779498	0.390298
0.77952373	0.38574037
0.77962255	0.35822314
0.7797939	0.34269515
0.7800374	0.28447247
0.780207	0.33212012
0.7803274	0.3352431
0.7805437	0.3004592
0.78059053	0.37856942
0.7807331	0.289544
0.7807314	0.48000762
0.7808491	0.3574926
0.78099006	0.3215265
0.78101146	0.38837054
0.78127	0.24147314
0.7814327	0.3495517
0.7815473	0.3853961
0.7814966	0.40374458
0.7813756	0.4557088
0.78137237	0.44655392
0.7816264	0.25516444
0.7817159	0.39031693
0.7817585	0.46895665
0.7818241	0.37228683
0.7819589	0.41685924
0.78204685	0.33498544
0.7818576	0.5856926
0.78194535	0.38990438
0.7819179	0.50189817
0.7820739	0.29897252
0.7822977	0.28619432
0.7823381	0.43912762
0.7823327	0.48009092
0.78253174	0.29754326
0.7827298	0.28421533
0.78294957	0.29634303
0.78314584	0.24948163
0.7832512	0.34330758
0.78331125	0.37363473
0.78348297	0.29282063
0.7836093	0.40124622
0.7837127	0.3620874
0.7839046	0.31055188
0.7840513	0.3854623
0.78413093	0.33711556
0.7842765	0.28441206
0.7844214	0.28439113
0.78452164	0.3516482
0.7846215	0.48631653
0.78469896	0.36160225
0.7848198	0.2894438
0.7850274	0.26952812
0.785147	0.34219578
0.7849621	0.58499306
0.7851897	0.26403907
0.78539467	0.32490283
0.785534	0.3589156
0.78558666	0.40024173
0.7857465	0.38597596
0.78577703	0.36707345
0.7857861	0.42534778
0.7857951	0.4812044
0.7857614	0.4053148
0.7859192	0.29799655
0.7860763	0.3332374
0.78610575	0.43252057
0.7860506	0.39445275
0.7862065	0.34740362
0.78623545	0.41742405
0.7863063	0.46092835
0.7863978	0.343946
0.7865725	0.27151585
0.78657967	0.4999364
0.7864203	0.5704686
0.7865523	0.35727197
0.7866838	0.39902577
0.7867527	0.35159245
0.7869658	0.26401067
0.787075	0.38166812
0.78718376	0.43133548
0.78737414	0.3789306
0.7875228	0.33464918
0.78758913	0.4268056
0.7877163	0.30038002
0.78784305	0.31823638
0.7879489	0.37657332
0.7880746	0.32512566
0.78811896	0.35119084
0.78832453	0.3453471
0.7885494	0.27504218
0.78855234	0.43740937
0.78855526	0.4496722
0.78865826	0.35908327
0.7887408	0.44443253
0.78886294	0.32615486
0.7890045	0.34000167
0.7892051	0.2607068
0.78918684	0.40597796
0.7893269	0.30420104
0.7894072	0.37668714
0.789566	0.2949739
0.78968483	0.3151499
0.7897639	0.4016525
0.78964686	0.4495265
0.7896085	0.48122144
0.78970677	0.39100316
0.7897268	0.48010448
0.78968847	0.45305428
0.78978604	0.33985177
0.78998005	0.3417878
0.7902506	0.2613653
0.7903465	0.34832722
0.7903266	0.49177316
0.79046047	0.28966117
0.7905938	0.3015265
0.7907266	0.3421435
0.7908398	0.38428077
0.7908001	0.44301528
0.7908937	0.35314086
0.790949	0.3906086
0.79100406	0.36262894
0.79100215	0.42321393
0.7911702	0.28541145
0.7912622	0.33519238
0.7912222	0.40977547
0.7913326	0.32058612
0.79148	0.32913825
0.79162693	0.2949549
0.79177326	0.28803945
0.79197496	0.27954355
0.7920643	0.353766
0.79206043	0.49696583
0.79213077	0.33475426
0.7921823	0.36031803
0.79234445	0.3457229
0.79250604	0.26481354
0.7926302	0.31837583
0.792607	0.3992401
0.79267555	0.38548878
0.792817	0.3078584
0.79288495	0.37309024
0.7929526	0.3506975
0.7930928	0.29656166
0.7931235	0.37956178
0.7932085	0.34286612
0.7931484	0.4515941
0.79316074	0.41970578
0.79326326	0.31238145
0.79338336	0.32501274
0.7935749	0.20941103
0.793712	0.26436925
0.79370534	0.44471973
0.79368085	0.44053257
0.7939062	0.2971775
0.7938814	0.42618543
0.7940523	0.3131756
0.79418707	0.27221826
0.7942682	0.3627015
0.794243	0.46493745
0.7943943	0.28561223
0.7945452	0.2882373
0.7946075	0.3268567
0.7947399	0.31185663
0.7947842	0.4236676
0.7948983	0.27839285
0.794977	0.3056346
0.7949509	0.5068605
0.79508156	0.27491534
0.79521173	0.3477973
0.7953588	0.2925974
0.79547065	0.36130577
0.79544395	0.40187103
0.79546905	0.3800366
0.79554576	0.39145297
0.7955362	0.4021765
0.7956297	0.37254453
0.7957229	0.36151326
0.79567885	0.41468918
0.7957204	0.40187186
0.79583	0.31047326
0.7959052	0.35112315
0.796082	0.31777427
0.7960887	0.3760723
0.7961461	0.35159028
0.79627097	0.31548646
0.7963616	0.28444332
0.7963509	0.34589276
0.7965084	0.28641734
0.79649746	0.40963313
0.7965704	0.36179954
0.79671	0.28001222
0.7967656	0.3964668
0.79680437	0.42563263
0.7968596	0.35430333
0.7970145	0.27484128
0.7970858	0.37319356
0.79704094	0.44102782
0.79714507	0.3510685
0.7972819	0.2794209
0.7974183	0.27669188
0.79748833	0.34991768
0.79747605	0.38944635
0.79756224	0.32773805
0.79768085	0.27578118
0.7977664	0.3010524
0.797819	0.35799107
0.7979367	0.28337425
0.7980702	0.27635238
0.79821956	0.27079093
0.79831976	0.2874989
0.79832244	0.43096787
0.7984868	0.33479527
0.79858613	0.3192748
0.7986045	0.32881194
0.79871935	0.32955706
0.798866	0.27087006
0.7989961	0.2971879
0.7991258	0.27821174
0.79917514	0.3252931
0.7992244	0.40418208
0.7992734	0.36559075
0.79943365	0.28595412
0.79960924	0.26633376
0.7997526	0.28268006
0.7998638	0.28882882
0.7999273	0.37096244
0.8000221	0.31533095
0.80010086	0.32728413
0.8002423	0.26495048
0.80035186	0.29684266
0.8004611	0.35543004
0.80055434	0.3375622
0.8005848	0.36479238
0.80067754	0.26962823
0.8007544	0.3142392
0.800831	0.28069976
0.8009385	0.28697154
0.8010922	0.2577853
0.801106	0.36114442
0.8011507	0.35000646
0.80117977	0.44563726
0.801178	0.44075245
0.8012223	0.36976308
0.8012205	0.37096655
0.80134135	0.33349654
0.8014159	0.3397115
0.80149025	0.31998798
0.8015644	0.3615917
0.801623	0.30896205
0.80177283	0.23691905
0.80193746	0.20834883
0.8020104	0.40386543
0.8019467	0.50623196
0.80204976	0.27359027
0.80215245	0.32133883
0.80230016	0.2848584
0.80229664	0.39534912
0.80239856	0.31178617
0.8024701	0.3966334
0.8025564	0.29798308
0.8026724	0.24939385
0.8026684	0.33952114
0.80285853	0.25268444
0.80295867	0.2742025
0.80299896	0.35976925
0.8031878	0.20629168
0.80321276	0.35937434
0.8032969	0.34628808
0.8033956	0.3767974
0.80337584	0.4221691
0.8034594	0.34593815
0.803528	0.2928093
0.80355227	0.40177128
0.8036793	0.27206957
0.8037326	0.31804156
0.8036685	0.39775425
0.8037948	0.29835027
0.8039061	0.22941193
0.80392957	0.35892352
0.8040258	0.30733746
0.80406356	0.3867016
0.80415934	0.28239655
0.8042258	0.30872157
0.804379	0.25733635
0.8045317	0.23324339
0.80456847	0.32084724
0.8047061	0.27098945
0.80478567	0.3163936
0.8048794	0.33062923
0.8049586	0.28591925
0.80502313	0.2983615
0.805016	0.37814197
0.805166	0.28178507
0.8052443	0.35624972
0.8053794	0.26243198
0.8054286	0.37185356
0.80542094	0.36246446
0.80549836	0.36097816
0.8055473	0.33003277
0.8056527	0.3010582
0.80580014	0.26889506
0.8058343	0.34723744
0.8058965	0.35908347
0.8059445	0.37619317
0.8059502	0.4121302
0.80601203	0.29119894
0.80605966	0.356822
0.80616313	0.2781317
0.8062384	0.36681378
0.80636925	0.27629995
0.8064579	0.29537514
0.806435	0.42254886
0.80655116	0.3239275
0.8066392	0.35668895
0.80671316	0.33085954
0.8067592	0.36368576
0.80686045	0.27380323
0.80689234	0.3513585
0.80696553	0.38365293
0.8070248	0.2762603
0.80716634	0.27046084
0.8071702	0.33710757
0.80727005	0.33315724
0.80730116	0.3791146
0.80730486	0.4420955
0.80737674	0.27149615
0.80743486	0.28224355
0.80745196	0.31628382
0.8075642	0.21660213
0.80760825	0.35078228
0.8077064	0.25698686
0.8078043	0.31467283
0.80787486	0.38102943
0.80799925	0.2714754
0.8080559	0.28153956
0.8080585	0.4053789
0.80812836	0.30310524
0.80817115	0.42847267
0.80825406	0.27717957
0.8083234	0.30056193
0.8084059	0.279209
0.80844814	0.30459374
0.80857027	0.24461803
0.80869204	0.2989926
0.8086672	0.38515034
0.80870885	0.3594418
0.80882996	0.23857704
0.8089508	0.25837132
0.80908453	0.27519807
0.8091122	0.35642314
0.8090606	0.47114927
0.809075	0.33635494
0.80908936	0.37777746
0.8091694	0.27677354
0.80917054	0.47860435
0.8092634	0.28791365
0.8092775	0.32682434
0.80937	0.23566827
0.809423	0.26539335
0.809489	0.3111023
0.80961996	0.24371162
0.8096465	0.32447994
0.8097509	0.25404453
0.80979013	0.33388984
0.80979043	0.35625345
0.8098554	0.37764144
0.80992025	0.32539847
0.80993325	0.35704055
0.8100236	0.28913093
0.81002355	0.32947862
0.81011355	0.31062365
0.81015193	0.34192994
0.8102544	0.27288306
0.8103053	0.34439608
0.8103305	0.3468174
0.8103684	0.36225268
0.8103552	0.4388242
0.8103802	0.35252103
0.8104434	0.29708
0.81049365	0.37204942
0.8105946	0.2933995
0.81063193	0.30121922
0.8107198	0.26872182
0.8107062	0.42537934
0.8107685	0.3184387
0.8108306	0.31019652
0.81086737	0.33792254
0.8109669	0.27917948
0.8110914	0.2493861
0.8111905	0.3435813
0.8112015	0.50151527
0.8112626	0.3237954
0.81136113	0.29937196
0.81140935	0.286115
0.8114201	0.32341945
0.81136847	0.39310157
0.8114539	0.28773698
0.81148934	0.3211456
0.8115744	0.26705587
0.81158483	0.30798244
0.8116448	0.27314433
0.8116799	0.3971592
0.8117519	0.3062006
0.8117621	0.39177468
0.81178457	0.31793037
0.81190544	0.28592384
0.8120506	0.18982424
0.81207263	0.36827338
0.8121191	0.36106518
0.8121655	0.3510838
0.8121629	0.35764396
0.8122213	0.2973241
0.8122918	0.3590976
0.81227684	0.40130135
0.8123349	0.32013565
0.81240505	0.33269465
0.8124264	0.35689175
0.81250834	0.33223101
0.81257796	0.2910563
0.81265956	0.32234514
0.81266844	0.38941902
0.81271344	0.27871552
0.81279457	0.26812816
0.81286347	0.3045087
0.812848	0.39754036
0.8128806	0.3119389
0.8130091	0.2161607
0.81310135	0.31349683
0.8131814	0.26711515
0.81322545	0.33473012
0.8132813	0.30865625
0.81336087	0.22618476
0.8134283	0.3515396
0.81355506	0.2708552
0.8136459	0.27374163
0.81368905	0.2922739
0.81369656	0.32895622
0.8137869	0.33425686
0.8138297	0.37166172
0.81384885	0.32026634
0.8139977	0.19586533
0.8140165	0.428163
0.81397647	0.4354089
0.8140306	0.3493314
0.81407285	0.3173153
0.8141384	0.3397833
0.8141922	0.26322392
0.81429255	0.2617275
0.81427586	0.37323722
0.814411	0.19660228
0.8143825	0.47834834
0.8144822	0.21019505
0.8145468	0.32288894
0.8146345	0.24985874
0.8146523	0.37537026
0.81471646	0.24324861
0.81480366	0.2745944
0.81485593	0.2980069
0.8148619	0.3910963
0.8149255	0.31124413
0.81497747	0.28342518
0.81497175	0.3331545
0.81501204	0.354163
0.8150407	0.3355123
0.8150923	0.30607545
0.8151323	0.33211178
0.8152066	0.28270745
0.8153493	0.20678549
0.81545734	0.26080307
0.815474	0.39446554
0.8155361	0.2887323
0.8156436	0.23192309
0.81568265	0.34499627
0.8155967	0.47640812
0.8156698	0.28724253
0.8157087	0.29800713
0.81572485	0.40033653
0.8157297	0.3681119
0.81576836	0.29844043
0.81581825	0.3043985
0.8158004	0.35776368
0.8158164	0.37458122
0.8158661	0.35037658
0.8159493	0.26780152
0.8160548	0.25388858
0.8161489	0.26992583
0.8161308	0.47513443
0.81606805	0.4863569
0.81616175	0.25778303
0.81618834	0.33676642
0.81628174	0.23835234
0.8163415	0.2888974
0.81644565	0.23939636
0.8165384	0.29167914
0.8165755	0.43512276
0.8166236	0.24253786
0.816727	0.20731805
0.81679696	0.30077857
0.8168115	0.33521926
0.81688124	0.31761783
0.81692874	0.35185376
0.8169211	0.39601937
0.81696844	0.27568507
0.81692785	0.393587
0.8169422	0.39241368
0.8169565	0.37698326
0.8170146	0.32450017
0.8170397	0.31027088
0.81714123	0.27065253
0.81716615	0.4184123
0.81724554	0.30253452
0.81733567	0.23300074
0.8174038	0.29780507
0.8174718	0.30329293
0.8175071	0.2958546
0.8175965	0.21746004
0.8176966	0.20602387
0.817699	0.31149668
0.81777716	0.2746973
0.8178227	0.3194737
0.81783587	0.32127008
0.8178597	0.31192926
0.8178943	0.32286727
0.81797177	0.28598326
0.8180276	0.3255719
0.8180726	0.2941339
0.81813896	0.29212138
0.8181624	0.3745702
0.8182498	0.27777934
0.81836915	0.22900233
0.8184669	0.21850817
0.8185644	0.2848775
0.81866175	0.20685521
0.8186525	0.40063643
0.81872827	0.24746726
0.8188039	0.30347776
0.81885815	0.3120442
0.8188911	0.30998787
0.81891346	0.33094162
0.8189674	0.27818364
0.81896853	0.3037617
0.81901175	0.28675014
0.81908655	0.24837168
0.8191611	0.28344667
0.81912	0.34109548
0.8190894	0.43172246
0.8191638	0.27569175
0.81916463	0.41160592
0.8192074	0.25442672
0.8192082	0.43522844
0.81921947	0.29632586
0.81923074	0.35560426
0.81927323	0.31063378
0.81934685	0.23609777
0.8193891	0.29793453
0.81942093	0.3075199
0.8194942	0.26203158
0.81948435	0.39389378
0.81951594	0.32324395
0.81958884	0.2589996
0.8196616	0.26586908
0.81965166	0.35209617
0.8197242	0.2604149
0.8197451	0.41699067
0.81977624	0.32196698
0.819869	0.25258565
0.8199205	0.2906757
0.81997186	0.28520975
0.8200129	0.26617193
0.8200743	0.2714429
0.82014585	0.2578173
0.82020706	0.26616925
0.8202068	0.3088814
0.8202372	0.31153983
0.820237	0.36348248
0.82030797	0.26387876
0.82033813	0.3268712
0.82039875	0.2560138
0.82039833	0.37832645
0.82044864	0.29340774
0.8204988	0.3048636
0.82046795	0.38916025
0.8204978	0.3947932
0.82057804	0.27903616
0.82062787	0.34904736
0.8206474	0.3819086
0.8207172	0.25223488
0.82075673	0.30465728
0.82075596	0.3484253
0.8208154	0.26784456
0.82084465	0.3377586
0.8209039	0.29386675
0.820923	0.2942837
0.8209221	0.3467556
0.8209511	0.36033267
0.8210399	0.2089213
0.8210588	0.37873566
0.8210478	0.401923
0.8211164	0.21301489
0.82113516	0.32241404
0.8212233	0.21284428
0.82125187	0.37062743
0.82131004	0.23540524
0.82134837	0.29956985
0.8214162	0.24171053
0.8214148	0.38433358
0.8214134	0.40366927
0.8214514	0.3119696
0.8214599	0.38712582
0.8215273	0.30383724
0.82160443	0.2551039
0.8216618	0.26606032
0.82168955	0.24871555
0.8217565	0.2698867
0.82184285	0.20762375
0.8219095	0.30011225
0.82190764	0.36665893
0.82188624	0.4048876
0.82193315	0.27292144
0.821941	0.35062286
0.8219489	0.43425176
0.82198584	0.30904528
0.82205194	0.2969401
0.82211787	0.27210313
0.82217395	0.29947585
0.8222106	0.25853702
0.82224715	0.2896921
0.822303	0.3223779
0.8223684	0.25054654
0.82242393	0.31652486
0.8224505	0.29736194
0.82250595	0.23988977
0.8225324	0.31376418
0.8225684	0.3543863
0.82259476	0.34456283
0.82263064	0.27003887
0.8226664	0.3648815
0.8227309	0.27497032
0.8227761	0.2796187
0.82284987	0.23640592
0.8229617	0.2286185
0.82299703	0.2618811
0.8230228	0.35716155
0.8230675	0.38264644
0.82315964	0.21131231
0.82323265	0.30569994
0.82327706	0.32681507
0.8232929	0.36852807
0.8233182	0.34084457
0.8233624	0.2661952
0.8234065	0.27891162
0.8234977	0.20384291
0.8235133	0.38477275
0.82358545	0.30249876
0.8235915	0.38896912
0.823654	0.2664555
0.82368815	0.31505167
0.823741	0.29013935
0.8237845	0.30370036
0.8238184	0.32034674
0.82391787	0.1934206
0.82393295	0.3053183
0.82394797	0.34215057
0.82401896	0.25692645
0.82399654	0.4024991
0.82403016	0.28814486
0.8240264	0.3411372
0.82407844	0.28200182
0.8240375	0.4959583
0.82408017	0.27820206
0.8241135	0.4203581
0.8242024	0.24570517
0.8242634	0.23611629
0.82431495	0.305103
0.8243757	0.29058644
0.82437164	0.3551527
0.8244599	0.24008937
0.8245111	0.22928631
0.82452536	0.34214965
0.8245672	0.2528939
0.8246274	0.24160583
0.8246415	0.26714227
0.8246923	0.26825157
0.82479805	0.21387216
0.82486695	0.2389685
0.8249174	0.30623296
0.8249769	0.27013844
0.8249815	0.37179616
0.8250408	0.27303177
0.8250271	0.36537334
0.8250499	0.28322238
0.8250817	0.2782744
0.8251407	0.26904064
0.82515424	0.3031563
0.825204	0.22869474
0.8252628	0.34208202
0.8253124	0.32616538
0.82538	0.25830287
0.8253571	0.37158012
0.82532513	0.45593232
0.82539254	0.2541611
0.8254057	0.38240948
0.8254459	0.28416637
0.825486	0.31861162
0.82550806	0.34737366
0.8255121	0.3398879
0.825588	0.28905696
0.82565475	0.24630351
0.8257393	0.23750176
0.825761	0.29887474
0.825738	0.3972871
0.8257865	0.28308928
0.8258439	0.26203242
0.8259011	0.27961224
0.8259048	0.34043586
0.8259084	0.34223497
0.8259565	0.24194822
0.82596904	0.34035358
0.8260348	0.22822645
0.8260383	0.37640572
0.8260507	0.3028271
0.8261074	0.23558936
0.82616395	0.26648363
0.8262558	0.17322144
0.8262944	0.25373727
0.8263595	0.26258743
0.8264245	0.24017619
0.8264541	0.29428208
0.82650125	0.28920984
0.8265747	0.2262963
0.8265953	0.2823799
0.826651	0.28695384
0.82671535	0.2528434
0.82678837	0.235397
0.8267999	0.32430732
0.82682025	0.34741628
0.8268143	0.37580052
0.8268695	0.24957235
0.8269508	0.33269307
0.82699704	0.30858517
0.8270694	0.20482679
0.8271677	0.18636551
0.82717884	0.32798022
0.82718134	0.29997405
0.8272011	0.27549225
0.8272209	0.3292517
0.82726663	0.24766576
0.82725173	0.44131634
0.8273233	0.24899781
0.8273602	0.2325201
0.8273711	0.34461716
0.8273993	0.31352764
0.8274188	0.3743917
0.82743824	0.34435326
0.82746625	0.34904876
0.82747704	0.37069938
0.827505	0.2928443
0.8275673	0.24564461
0.82758653	0.34044495
0.8276314	0.28822875
0.82765913	0.29224497
0.82769537	0.3045815
0.82774013	0.3092204
0.82775056	0.31773874
0.8277269	0.35866475
0.82776296	0.24920735
0.8278245	0.22488144
0.8278604	0.3081446
0.82792175	0.23137192
0.82792354	0.31329003
0.8279762	0.30869746
0.82799494	0.340649
0.82802206	0.30913928
0.8280746	0.30983266
0.82812697	0.2802692
0.8281455	0.32204583
0.8282231	0.2451328
0.828233	0.29865065
0.82829356	0.18273056
0.82831186	0.3225712
0.82838905	0.20495543
0.8284493	0.2848669
0.82848424	0.29151428
0.8285611	0.18235981
0.8286043	0.2677474
0.8286306	0.2802127
0.82870716	0.22056824
0.8287501	0.2912434
0.82875115	0.31763127
0.82881904	0.2741302
0.82882005	0.32193023
0.8288544	0.2818565
0.82888037	0.24136174
0.8289063	0.32984596
0.82894045	0.32389024
0.8289497	0.33488467
0.8290087	0.24079865
0.829051	0.23202734
0.82906014	0.33495533
0.82910234	0.29550698
0.8291279	0.30229878
0.8291369	0.29378733
0.829179	0.26141113
0.82924575	0.22576933
0.8293124	0.23196295
0.82932943	0.3066967
0.8293547	0.31212127
0.8293882	0.33864152
0.8294298	0.22210346
0.8294796	0.25762567
0.8294882	0.3714373
0.82947224	0.3471452
0.8295547	0.21649462
0.82957965	0.30368045
0.82962906	0.26343438
0.829703	0.19445962
0.8297441	0.28680697
0.8297607	0.34380916
0.829769	0.35408938
0.8298181	0.27988535
0.8298671	0.24391681
0.8298998	0.34467945
0.8299243	0.27489215
0.8299487	0.28959665
0.83001375	0.2483641
0.8300381	0.25567248
0.8300461	0.35681498
0.83006227	0.3637735
0.83015126	0.16587283
0.8301673	0.34957352
0.8301995	0.2914655
0.83023167	0.28939608
0.83023953	0.30796015
0.83029574	0.24669321
0.8303519	0.21418372
0.83037573	0.29647216
0.8303996	0.2818554
0.83044744	0.24771675
0.8304953	0.27810878
0.8304708	0.28850228
0.8305346	0.22054954
0.8306062	0.2275964
0.83064574	0.2373066
0.8306372	0.356641
0.8306767	0.3377639
0.83067614	0.34697437
0.8307394	0.20693867
0.83077073	0.24919736
0.8308179	0.2633346
0.83084905	0.24632916
0.83088815	0.22805665
0.8309113	0.34289283
0.83098996	0.20779532
0.8310526	0.23192762
0.83109933	0.34976363
0.8311381	0.27847335
0.8312005	0.20587558
0.8312707	0.18964882
0.831246	0.361768
0.8312687	0.32464322
0.8313072	0.32401443
0.8313219	0.24921231
0.83137596	0.23167558
0.83138275	0.36315116
0.83136594	0.35925815
0.83140415	0.27260906
0.8314345	0.29682183
0.8314961	0.195824
0.83153415	0.3617435
0.83156425	0.28189114
0.83161783	0.2707271
0.83164006	0.30243564
0.83163875	0.3466579
0.83168435	0.29538083
0.8317298	0.25500715
0.83178306	0.23903888
0.831844	0.20484306
0.8318659	0.29305455
0.8318956	0.21142921
0.83190966	0.3459494
0.8319004	0.44064403
0.8319688	0.19219428
0.831975	0.35136893
0.83202773	0.20632252
0.83206487	0.3086034
0.8320942	0.2540445
0.8321467	0.23275764
0.8321605	0.2826621
0.832236	0.23725277
0.8322497	0.27396217
0.8322711	0.29500943
0.8323001	0.33762616
0.83232147	0.28703272
0.83232737	0.35014492
0.83237934	0.25944752
0.8323929	0.27195704
0.8324294	0.35140663
0.8324735	0.19480462
0.83250993	0.28379506
0.8325539	0.2485487
0.83259785	0.24777523
0.83261883	0.28923896
0.832655	0.2639323
0.8326377	0.39884073
0.8327043	0.1923439
0.8327251	0.28068587
0.83280677	0.19949141
0.8328503	0.28349087
0.8328861	0.22757474
0.8329371	0.26410967
0.8329728	0.28430843
0.83303124	0.21161065
0.83305925	0.27939498
0.8330872	0.24727555
0.83313787	0.26819363
0.8331506	0.31411645
0.8331709	0.29934213
0.8331836	0.33649945
0.8332415	0.22973242
0.8332617	0.25390533
0.83334213	0.18144806
0.83339983	0.23505457
0.8334424	0.27779692
0.8335225	0.17138813
0.8335649	0.22674416
0.8335697	0.24998005
0.83358204	0.30961305
0.8336318	0.24714306
0.833674	0.25311238
0.83372366	0.21752732
0.8337657	0.25068954
0.8338077	0.21249261
0.83378994	0.42422673
0.8338617	0.18112148
0.833911	0.24757789
0.83397514	0.20589493
0.8340094	0.2678685
0.8340287	0.24132429
0.8340629	0.2615583
0.83405244	0.35507402
0.83408654	0.32192162
0.8340761	0.3208231
0.83411753	0.2542131
0.8341367	0.35330954
0.8341484	0.27314284
0.8341823	0.25833118
0.8342088	0.29473606
0.8342131	0.35128936
0.8342395	0.30176228
0.83429533	0.18079051
0.8343142	0.2788354
0.8343405	0.31074354
0.834352	0.3069533
0.8343856	0.2735358
0.8343971	0.31216606
0.8343718	0.37626925
0.83444196	0.1942782
0.83448267	0.2629321
0.8345526	0.1823086
0.8345785	0.31512
0.8345971	0.35936433
0.8346303	0.29761726
0.8346707	0.26551482
0.83469653	0.24709189
0.83472955	0.27428475
0.83475524	0.28221154
0.8347882	0.23187454
0.83479923	0.3324546
0.8348103	0.33314312
0.8348504	0.28668872
0.83484685	0.3560201
0.8348941	0.23569202
0.8349051	0.297259
0.834916	0.23947676
0.8349197	0.29988286
0.8349378	0.3257183
0.83495593	0.28491896
0.83496684	0.24337526
0.8349921	0.30585492
0.8350462	0.22016421
0.8350858	0.2834836
0.83513254	0.23645002
0.83512884	0.35262
0.8351683	0.23440334
0.83520055	0.27566746
0.8352686	0.19708313
0.8353294	0.17537113
0.8353614	0.22371617
0.8353934	0.30171657
0.83538955	0.31487855
0.8354358	0.24963187
0.83545333	0.2814314
0.8354923	0.31004643
0.8355241	0.3033378
0.83552015	0.3665818
0.835559	0.22179466
0.8356049	0.23418964
0.83565074	0.23239966
0.8356325	0.33152387
0.83564276	0.33296967
0.8356742	0.27272087
0.8356915	0.2825803
0.8357229	0.24555334
0.83574015	0.30590907
0.8357999	0.19747075
0.8358453	0.24784921
0.8358695	0.2909315
0.83590776	0.21247046
0.8359177	0.28061762
0.83595586	0.25385308
0.8359799	0.288044
0.83601797	0.21802655
0.83603483	0.2644755
0.8360095	0.36946347
0.8360545	0.21669644
0.83612055	0.2534907
0.83617246	0.24249111
0.8362032	0.26077327
0.83620584	0.3561132
0.8362366	0.33972716
0.83629525	0.22557335
0.8363118	0.33261064
0.8363354	0.3281902
0.83640784	0.1868463
0.8364383	0.26089624
0.8364897	0.24729319
0.8364782	0.33608982
0.83650154	0.2480706
0.83655274	0.2409012
0.8365621	0.2835549
0.83662707	0.17342494
0.83668506	0.19292954
0.83674985	0.24127007
0.8368007	0.22010048
0.8368307	0.2763971
0.8368121	0.36576915
0.8368628	0.2697222
0.83686495	0.2978633
0.8368671	0.33726838
0.8368831	0.31861484
0.8368922	0.30343518
0.83692193	0.27959007
0.8369517	0.24160732
0.83697444	0.33333045
0.8370316	0.22486413
0.8370612	0.3289145
0.8370357	0.4579512
0.83705837	0.29173452
0.8371085	0.22360228
0.83713794	0.29728395
0.8371948	0.25921172
0.8371693	0.3960348
0.83719176	0.37139937
0.8372348	0.24437313
0.83723664	0.3268234
0.83729327	0.2535299
0.83730876	0.28591385
0.83735156	0.21248728
0.83740795	0.2263872
0.8374506	0.20415922
0.837541	0.14474541
0.8375631	0.2642101
0.83760554	0.249199
0.8376412	0.3434673
0.8376564	0.2786846
0.8376716	0.3762433
0.8377274	0.2635539
0.8377696	0.25981727
0.8377983	0.29224244
0.83782685	0.26791704
0.8378757	0.24892525
0.8378974	0.26413253
0.8379394	0.21858662
0.8379948	0.22935948
0.83800966	0.28215325
0.8380245	0.2912893
0.8380461	0.25474072
0.8380743	0.2571751
0.8380891	0.29272902
0.8380971	0.30450627
0.83809835	0.26548374
0.8381198	0.33646992
0.83813447	0.2853342
0.8381827	0.22058131
0.83821076	0.34303322
0.8382521	0.19684902
0.8383069	0.21003541
0.8383147	0.29538286
0.83834255	0.23238897
0.8383637	0.29896808
0.83841157	0.18438168
0.838426	0.31364328
0.838467	0.2351504
0.8385014	0.22699368
0.83854896	0.2658584
0.8385566	0.4013252
0.8385975	0.22458233
0.838625	0.22616673
0.8386591	0.2710774
0.8386666	0.33081746
0.8386741	0.39298233
0.83870155	0.29767564
0.8387554	0.2484348
0.8387827	0.29479802
0.83880997	0.22725134
0.838824	0.27641827
0.8388446	0.26903734
0.83889157	0.21605873
0.8389055	0.28189167
0.8389128	0.29141173
0.8389531	0.23758705
0.8389801	0.29660457
0.83904	0.21738902
0.83904064	0.33096847
0.8390347	0.3740059
0.8390419	0.2601118
0.8390622	0.29057834
0.8390759	0.33842674
0.8391224	0.2815265
0.83915573	0.23978832
0.8392021	0.21225339
0.8392092	0.2944831
0.8392228	0.2794247
0.83924943	0.20941707
0.8392826	0.27462742
0.83930916	0.2886118
0.8393617	0.19139786
0.83936214	0.26082113
0.83941466	0.23971695
0.83943456	0.3065566
0.83946747	0.26673135
0.8394743	0.3713235
0.83950067	0.24167377
0.83951396	0.2650211
0.8395532	0.25384435
0.8395794	0.27727374
0.83959264	0.29017994
0.83965117	0.19349518
0.8396773	0.2982567
0.8396904	0.32109287
0.83973587	0.20602535
0.8397683	0.27419654
0.83981365	0.1973781
0.83982664	0.33563572
0.8398525	0.2643115
0.8398848	0.24757189
0.83990425	0.30505812
0.839885	0.35153386
0.8399236	0.27763504
0.8399558	0.21316785
0.83998793	0.27684724
0.8400072	0.26579833
0.84005207	0.20810544
0.84007764	0.25049457
0.8400904	0.30547914
0.8401288	0.2429734
0.84016067	0.24979764
0.84017336	0.34200653
0.84021795	0.20051663
0.84023696	0.2891227
0.84027505	0.24488087
0.84026855	0.34241498
0.8403066	0.22340919
0.8403446	0.27549306
0.8403571	0.32775527
0.84037596	0.28759697
0.84038204	0.27268365
0.8404009	0.23514545
0.84043235	0.23880881
0.84044474	0.29112896
0.84046984	0.29589334
0.84047586	0.31280276
0.8405199	0.18095733
0.8405575	0.22317326
0.8406141	0.19800736
0.8406579	0.21601738
0.8406701	0.3772851
0.8407202	0.22055142
0.84076387	0.23827703
0.84082645	0.19216083
0.8408637	0.26566753
0.84086317	0.33338284
0.8408941	0.29349172
0.84093755	0.23509589
0.84100604	0.1787353
0.8410368	0.28767544
0.8410738	0.21589652
0.841117	0.20637192
0.84111637	0.31165835
0.8411532	0.20966287
0.841165	0.3163278
0.8411893	0.30354476
0.84120107	0.34905437
0.8412316	0.2964809
0.84126824	0.22305554
0.8412425	0.39803448
0.8412667	0.27134728
0.84132195	0.19215153
0.8413523	0.2326024
0.84135765	0.32458195
0.8414004	0.21782234
0.84142435	0.22318654
0.8414359	0.25534335
0.8414909	0.2050091
0.84150857	0.22836773
0.84153247	0.22932564
0.8415377	0.29292718
0.8415739	0.25379005
0.84159154	0.25564778
0.84163386	0.18104684
0.841639	0.29510102
0.84165037	0.320354
0.8416555	0.32587436
0.8416668	0.32721183
0.84167814	0.28670555
0.8416956	0.27309537
0.8417623	0.14720415
0.8417489	0.29026404
0.8417663	0.30544114
0.84176517	0.27615687
0.8417641	0.29762182
0.8417876	0.2600707
0.84184784	0.15534332
0.841859	0.30639848
0.84185785	0.30190164
0.8418751	0.3351548
0.8419045	0.25079343
0.84190947	0.3279889
0.8419144	0.32498056
0.8419255	0.26834112
0.84196097	0.26562586
0.84198415	0.26454976
0.8420135	0.23616731
0.8420427	0.25216943
0.8420658	0.2675037
0.84207064	0.24880128
0.8420876	0.30968732
0.8421411	0.14575183
0.8421702	0.20688252
0.84221137	0.18568386
0.8422768	0.1762893
0.84233004	0.2064509
0.84236497	0.24573837
0.8423817	0.2624424
0.8424045	0.34377423
0.84242725	0.2256112
0.84243786	0.3147375
0.8424908	0.20282356
0.8424772	0.3527437
0.842524	0.22955586
0.84254056	0.29503557
0.84255713	0.281312
0.8425797	0.2501444
0.84263235	0.17279422
0.8426849	0.15805836
0.8427254	0.21475096
0.8427358	0.26676795
0.8427402	0.38657185
0.8427926	0.22059631
0.8428029	0.25335777
0.8428312	0.30467936
0.8428055	0.37521443
0.8428398	0.23896444
0.84287995	0.25256237
0.8429261	0.24302171
0.8429423	0.30289286
0.8429465	0.27546632
0.8429866	0.19714119
0.84302056	0.25370777
0.8430546	0.21241547
0.8431004	0.24305369
0.8431224	0.22579229
0.8431682	0.25730222
0.843202	0.19131075
0.8432358	0.24643348
0.8432517	0.3917644
0.84326166	0.32029617
0.8432775	0.2735383
0.84330523	0.3577201
0.8432914	0.30964985
0.843325	0.20096989
0.84337634	0.21751907
0.8433566	0.31968573
0.84336644	0.30156738
0.843394	0.2730029
0.8434097	0.33373815
0.84343135	0.23668581
0.8434352	0.33151352
0.84345675	0.25299653
0.8434665	0.24103026
0.84348804	0.25878787
0.843486	0.40823582
0.84351337	0.2700763
0.84354067	0.19194596
0.8435445	0.37945962
0.8435835	0.20548788
0.8436049	0.31377307
0.843638	0.1843967
0.8436652	0.2549372
0.84368646	0.28048652
0.84370184	0.2464947
0.8437407	0.22364274
0.84374434	0.34754205
0.8437889	0.23838085
0.8437984	0.26256794
0.8437962	0.3125776
0.84382313	0.2349359
0.84386754	0.24164477
0.8439178	0.16840838
0.843933	0.27416936
0.84395397	0.30144358
0.8439691	0.25071108
0.84401333	0.2156938
0.84405166	0.25971517
0.84406096	0.31380683
0.844076	0.25082117
0.84405625	0.46721202
0.8441061	0.17464241
0.8441442	0.24464206
0.8441476	0.27109918
0.8442031	0.19289635
0.84422386	0.31895646
0.8442503	0.26983744
0.8442883	0.22502804
0.8443147	0.30268562
0.8443526	0.2540724
0.84439045	0.20678964
0.8444168	0.24892992
0.84442574	0.30954292
0.84442896	0.21868472
0.8444322	0.2900734
0.8444641	0.19093329
0.84448457	0.28121513
0.84451073	0.24747051
0.84451383	0.25596017
0.844517	0.3196947
0.8445431	0.2891569
0.8445118	0.42367584
0.84454936	0.27274
0.8445639	0.21164177
0.84458417	0.26402104
0.8446273	0.20811146
0.8446647	0.25298402
0.8447077	0.18431897
0.84472215	0.28174275
0.8447594	0.22569318
0.84479094	0.20964472
0.8448338	0.18129177
0.8448595	0.19801083
0.8448624	0.36751145
0.84491086	0.20570774
0.84492517	0.28638422
0.8449451	0.21641861
0.844982	0.20635682
0.84501326	0.2559896
0.8449991	0.38061887
0.8450076	0.25152996
0.8450387	0.23083399
0.8450416	0.3308315
0.84506136	0.26930946
0.84510374	0.2052502
0.84514606	0.22324935
0.8451488	0.28968465
0.8451911	0.19254676
0.845239	0.18844461
0.8452755	0.21291833
0.8453402	0.16904658
0.8453766	0.18299419
0.8453905	0.26859662
0.84542686	0.16469528
0.8454463	0.23299465
0.84544885	0.31194347
0.8454739	0.27618173
0.8454933	0.31510425
0.8455351	0.216325
0.8455545	0.25974178
0.845585	0.23530549
0.84561545	0.20323107
0.8456403	0.26300666
0.84564275	0.2706211
0.845662	0.18984494
0.84569794	0.29019842
0.84572273	0.25780004
0.8457642	0.26541626
0.84580004	0.2670326
0.845847	0.15164103
0.8458382	0.38186347
0.84584606	0.25695914
0.84586513	0.31503817
0.84583956	0.4268404
0.8458697	0.22216737
0.84586644	0.34706733
0.84589094	0.25507775
0.84593767	0.1525617
0.845951	0.2628061
0.845981	0.23798227
0.8459999	0.28568026
0.8460298	0.26305965
0.84605414	0.24954055
0.846073	0.23751919
0.8461028	0.24631853
0.84612703	0.22294453
0.8461623	0.21002652
0.84618104	0.29007486
0.8462218	0.23754492
0.8462625	0.19709504
0.8462976	0.20784958
0.8463383	0.2136795
0.8463568	0.22496863
0.8463863	0.24150978
0.8463883	0.3227927
0.84644526	0.22007668
0.84643626	0.36191976
0.8464437	0.28510588
0.84646213	0.2749664
0.84648603	0.22451217
0.8464989	0.24431199
0.8465118	0.28191212
0.84652466	0.2951511
0.84654844	0.21400324
0.8465394	0.29821384
0.84656864	0.20145983
0.84659785	0.19522338
0.8466106	0.23192215
0.8466343	0.2783006
0.846658	0.22061318
0.8467034	0.205954
0.846727	0.2868092
0.8467506	0.22432335
0.8467415	0.3996147
0.8467432	0.25438666
0.84676135	0.21549661
0.8467794	0.25900614
0.84678113	0.28935775
0.8467775	0.3287328
0.8468172	0.21917991
0.8468189	0.29253098
0.8468369	0.31562346
0.84686035	0.2938385
0.84688365	0.2104341
0.84691244	0.23595771
0.8469682	0.15832368
0.8470131	0.21847886
0.8470417	0.19484839
0.84704334	0.26964974
0.84702873	0.37959862
0.8470735	0.14939363
0.84708047	0.24210691
0.8471251	0.20269899
0.84713745	0.3277479
0.8471605	0.23743832
0.84719974	0.25296167
0.8472281	0.2232636
0.8472296	0.31902748
0.84723645	0.29160732
0.8472594	0.2843702
0.84726626	0.29670227
0.8473053	0.21019997
0.84733886	0.20052603
0.84734565	0.2984259
0.8473685	0.24507119
0.8473913	0.30639142
0.8473874	0.30601266
0.84741014	0.24525267
0.84742755	0.34579518
0.8474289	0.3905373
0.84747833	0.17822972
0.84750634	0.29205933
0.84753436	0.24587601
0.8475783	0.20587249
0.8475956	0.2881943
0.8476128	0.26080692
0.847646	0.21510844
0.8476845	0.20541854
0.8476698	0.33536014
0.84768164	0.31624082
0.8476935	0.2746122
0.8477212	0.31582272
0.84774894	0.24274854
0.8477448	0.3037115
0.8477566	0.28022766
0.8477684	0.23422226
0.84780663	0.21284975
0.84781307	0.4311908
0.84784067	0.24157022
0.8478788	0.21356565
0.8479116	0.1942848
0.8479549	0.17707776
0.84792966	0.37735146
0.8479571	0.22955328
0.8479529	0.31533855
0.8479909	0.20552294
0.8480182	0.23878011
0.84800875	0.32415584
0.8480098	0.31219938
0.8480214	0.29575765
0.8480119	0.35012868
0.8480602	0.1604678
0.84811896	0.19421856
0.8481514	0.2320184
0.8481733	0.21209072
0.84818476	0.27362618
0.8482276	0.1954208
0.8482495	0.30641568
0.8482609	0.41616756
0.8482722	0.26177418
0.848294	0.2714891
0.8482949	0.33220452
0.84830624	0.2593313
0.84833324	0.2292629
0.84834975	0.2626327
0.8483297	0.31896293
0.8483671	0.21172142
0.8484044	0.22171327
0.84842604	0.23382944
0.84845805	0.23946644
0.8484588	0.32869527
0.84848046	0.25736997
0.848502	0.24055676
0.84852356	0.21985172
0.84851915	0.3371592
0.8485717	0.2110385
0.84860873	0.23935014
0.84861463	0.3072759
0.8486257	0.25233164
0.8486523	0.22134392
0.8486892	0.22519192
0.8487054	0.2893754
0.84871125	0.26043874
0.8487532	0.17437853
0.8487745	0.23761038
0.8487958	0.20907979
0.8488428	0.15953672
0.8488743	0.25661623
0.84887487	0.27548274
0.8489372	0.1813699
0.8489686	0.27590227
0.84896916	0.3415884
0.84899026	0.23697978
0.8490165	0.24853623
0.8490529	0.22622707
0.84907395	0.23024002
0.8491103	0.22598967
0.84912616	0.24073212
0.84917784	0.17426935
0.84917825	0.2606038
0.8491787	0.2740396
0.8491996	0.18513082
0.8492051	0.3100947
0.8492362	0.23646645
0.8492621	0.25862893
0.849288	0.27836436
0.84931386	0.20190014
0.84934485	0.21385868
0.84936047	0.25439358
0.8493761	0.2631656
0.8493713	0.32941562
0.84936655	0.28968078
0.84940755	0.18936293
0.84941804	0.30689624
0.84944373	0.2609117
0.84943384	0.35311294
0.84946966	0.21144181
0.8494801	0.33342665
0.8495209	0.25302875
0.8495516	0.19777146
0.84956706	0.26530433
0.84959763	0.26174712
0.84960794	0.27998582
0.8496031	0.28882816
0.8495982	0.37610984
0.84962875	0.23268081
0.84963906	0.36048186
0.8496847	0.19063652
0.8497	0.2693175
0.8497506	0.15057619
0.8498011	0.16025987
0.84984654	0.2302059
0.8498718	0.2557135
0.84986687	0.28265193
0.84990716	0.16763683
0.8499122	0.33383808
0.84992737	0.2520336
0.8499626	0.20602892
0.85001785	0.13334689
0.85005295	0.23109066
0.850078	0.28679988
0.850108	0.21195805
0.85012305	0.26460668
0.850133	0.29946005
0.85016793	0.2382025
0.8501879	0.21091448
0.8502078	0.22979832
0.8501977	0.3608588
0.85020757	0.25070208
0.85024244	0.20643543
0.8502623	0.2465879
0.85028213	0.27997398
0.8502969	0.25608283
0.85028183	0.35501155
0.8503016	0.22864251
0.85034126	0.17196777
0.85034114	0.255423
0.8503758	0.18308212
0.8503905	0.2492097
0.8504201	0.22949946
0.85045964	0.2016987
0.8504743	0.25387883
0.85049886	0.23042397
0.8505135	0.25472635
0.8505529	0.17493099
0.85055757	0.28441188
0.8505424	0.339651
0.85054713	0.32335338
0.8505765	0.22656637
0.8505861	0.24509148
0.85060066	0.27634394
0.8506152	0.3515743
0.85060996	0.32112226
0.85062444	0.3117582
0.85066855	0.17940842
0.85069776	0.16908713
0.8507073	0.28853276
0.85070693	0.3292986
0.8507017	0.33529115
0.8507456	0.17754814
0.8507993	0.15444505
0.8508186	0.24933381
0.85082805	0.23438631
0.85084724	0.24782726
0.8508665	0.25765538
0.8508906	0.2331337
0.85090977	0.26400852
0.8509583	0.20446327
0.8509579	0.22760195
0.85097206	0.35369903
0.85101074	0.1935375
0.8510396	0.21346052
0.8510635	0.2689479
0.8510679	0.23566806
0.85106736	0.24174887
0.8510864	0.24385059
0.85110533	0.2764324
0.8510902	0.25656605
0.8511189	0.21292582
0.851133	0.26162395
0.85114706	0.24512964
0.85117567	0.20619285
0.85119945	0.22075734
0.8512377	0.21853143
0.8512371	0.36133587
0.8512365	0.313727
0.85124564	0.32766488
0.85127413	0.2012164
0.85129297	0.239367
0.8513214	0.20739752
0.85135955	0.20189455
0.8513589	0.31415638
0.8514018	0.17447184
0.8514108	0.27822968
0.8514391	0.21980876
0.8514578	0.2738539
0.85145706	0.31204492
0.8514467	0.3423539
0.85144603	0.28740028
0.8514743	0.20865601
0.85148317	0.283923
0.8514921	0.27168918
0.8515251	0.2452952
0.85155326	0.21487695
0.8515718	0.23272106
0.8516095	0.17343396
0.85161835	0.298466
0.8516272	0.22664827
0.85161203	0.2905848
0.8516448	0.20602593
0.8516728	0.20278126
0.85172004	0.21026269
0.85172397	0.33097
0.8517711	0.19046831
0.8517607	0.29220238
0.8517598	0.30016142
0.8517829	0.26511726
0.851806	0.22515991
0.85183376	0.1860766
0.8518616	0.20352954
0.8518894	0.23279859
0.85190755	0.236384
0.8519162	0.24856248
0.8519439	0.25743747
0.85195726	0.20523444
0.85198015	0.28339246
0.85199827	0.20235704
0.85200685	0.34127492
0.85202014	0.2665227
0.85202396	0.28811294
0.8520325	0.24425645
0.85206956	0.24221691
0.85209703	0.2528083
0.85210556	0.30295712
0.85212827	0.23622246
0.852151	0.2278592
0.8521784	0.23227799
0.85219157	0.29233384
0.85224736	0.13953549
0.8522889	0.15671925
0.85232097	0.22558342
0.8523435	0.25117576
0.8523613	0.2842585
0.8523602	0.30070442
0.85239214	0.24549517
0.8523957	0.31617793
0.8524418	0.18590812
0.8524689	0.2110704
0.8524772	0.3075504
0.852476	0.26573655
0.8524937	0.2274712
0.8525019	0.31287056
0.852529	0.24327074
0.8525513	0.21729645
0.8525783	0.21977052
0.85261	0.20683767
0.8526322	0.23147029
0.8526404	0.31619307
0.85268134	0.16756213
0.8526895	0.24785666
0.8527117	0.23094666
0.8527151	0.29882365
0.85275596	0.17373113
0.85278744	0.23287399
0.8527908	0.2783961
0.8528082	0.20757544
0.8528256	0.22664261
0.85284764	0.2250736
0.8528883	0.19958545
0.8529103	0.2492455
0.8529136	0.32534856
0.85293555	0.30351287
0.8529575	0.2022768
0.852998	0.22224168
0.85300595	0.249271
0.8530092	0.31323054
0.85302174	0.21337324
0.8530529	0.21412133
0.85306543	0.36588413
0.8530826	0.25111878
0.8531183	0.20191967
0.853154	0.14855866
0.8531711	0.28160325
0.85318816	0.23972571
0.8532052	0.20300396
0.85318524	0.37471938
0.85319763	0.24766424
0.85323316	0.18007235
0.8532548	0.20935935
0.8532903	0.18759827
0.85332114	0.21543425
0.85335654	0.19832706
0.8533827	0.19030209
0.85341805	0.20006189
0.8534534	0.19041252
0.85347027	0.28552008
0.85350555	0.18887763
0.85350853	0.24539621
0.85354376	0.2137614
0.8535789	0.21054548
0.8536003	0.19059344
0.853617	0.2321925
0.8536521	0.2041427
0.85367346	0.2731848
0.85368556	0.30391118
0.85371596	0.2483784
0.8537097	0.3649656
0.8537309	0.24429512
0.85377043	0.195593
0.8537733	0.3617052
0.85378075	0.26715213
0.85376525	0.3825252
0.8537819	0.2414978
0.85379386	0.29127234
0.85380584	0.30421925
0.85381776	0.28870067
0.85381603	0.28043625
0.85385996	0.19802898
0.8538765	0.26623234
0.85391116	0.24881834
0.85393673	0.19687232
0.8539395	0.2600523
0.85396504	0.16508517
0.8540042	0.1697588
0.854016	0.2870145
0.8540324	0.26619056
0.8540715	0.17443979
0.85409236	0.2903348
0.8541132	0.22183554
0.85413855	0.21784702
0.85417753	0.1759736
0.85419834	0.23434836
0.85421	0.2734399
0.8542081	0.31093854
0.8542062	0.3260618
0.8542179	0.2640578
0.85422504	0.26149434
0.8542457	0.23332046
0.85427094	0.19964802
0.85429615	0.21338019
0.8542942	0.33810535
0.85432386	0.21369137
0.8543445	0.28515905
0.854338	0.35042405
0.8543451	0.27219546
0.8543611	0.1868605
0.8543637	0.2969464
0.8544068	0.16569245
0.8544453	0.16497007
0.8544388	0.33772764
0.8544773	0.23892953
0.8545022	0.22962925
0.8545182	0.3114727
0.8545521	0.15434383
0.8545815	0.22075884
0.85460633	0.21416043
0.8546312	0.21343161
0.854656	0.17847776
0.8546763	0.23173611
0.85469663	0.19843723
0.85472584	0.1923349
0.85473716	0.26629058
0.8547484	0.29989502
0.85477763	0.16211864
0.85477996	0.2658452
0.85480464	0.21989168
0.85481143	0.23571125
0.85482264	0.23820303
0.8548562	0.18003641
0.85487187	0.28242552
0.85489196	0.22778302
0.8548943	0.30757478
0.8549188	0.18127559
0.8549344	0.23825347
0.85495	0.3179284
0.8549478	0.3085388
0.8549501	0.2543065
0.8549523	0.23712514
0.8549679	0.2539462
0.85500115	0.18647219
0.85503	0.18112606
0.8550056	0.32100144
0.85501224	0.31548348
0.8550366	0.23140194
0.8550565	0.23982912
0.855072	0.19950166
0.85507864	0.31422743
0.8551162	0.21876927
0.8551272	0.32051846
0.8551514	0.21967705
0.85515356	0.2893955
0.8551557	0.2532342
0.8551799	0.19490215
0.85521734	0.18800764
0.8552636	0.16796689
0.85531414	0.14712492
0.85535586	0.13807434
0.85537994	0.16358143
0.85539514	0.22159746
0.855406	0.26787487
0.8554256	0.22314773
0.8554364	0.25131175
0.8554384	0.3059045
0.855458	0.2724633
0.85548633	0.23853603
0.8554751	0.34407055
0.8554815	0.2643349
0.8555054	0.24746439
0.8555381	0.15661946
0.85555315	0.315585
0.85555947	0.24881016
0.85557896	0.23685235
0.85559404	0.26504406
0.85559154	0.34673283
0.85561097	0.2605173
0.8556304	0.25399536
0.8556323	0.2990295
0.85563856	0.28308347
0.8556623	0.23356456
0.8556947	0.16913006
0.8557053	0.29580772
0.8557159	0.2900079
0.85574824	0.18767014
0.85577625	0.2763878
0.8557998	0.25631794
0.8558147	0.22057383
0.8558209	0.2767312
0.8558314	0.28853858
0.8558462	0.24012631
0.855848	0.35316867
0.8558672	0.25524393
0.85586464	0.29433075
0.85589683	0.24679594
0.85592026	0.23819487
0.85591334	0.2930322
0.85593677	0.27520055
0.8559732	0.15973811
0.85597926	0.28939724
0.8560156	0.14172702
0.85606056	0.15363653
0.8560796	0.22117364
0.8561288	0.15924351
0.85615635	0.17428546
0.85616666	0.27206743
0.8561726	0.25877124
0.8561872	0.21614468
0.85622334	0.16574834
0.85624653	0.19651163
0.85626537	0.26049793
0.8562885	0.1822082
0.8563116	0.19853882
0.8563003	0.3199953
0.8563105	0.2853159
0.85633355	0.26873305
0.8563566	0.22855526
0.8563797	0.17483686
0.856407	0.16945688
0.8564214	0.23231661
0.8564358	0.21036461
0.8564502	0.24802233
0.8564603	0.23937343
0.85649174	0.1700645
0.8565104	0.24257414
0.8565419	0.19208942
0.8565647	0.20359163
0.8565833	0.23291841
0.85661465	0.17735924
0.85664177	0.23827274
0.85666454	0.2207773
0.85669583	0.18330848
0.8567101	0.2677045
0.85672855	0.28974593
0.856764	0.16594723
0.85678244	0.23812653
0.85680515	0.22353472
0.8568022	0.3188199
0.85683763	0.15800112
0.85686874	0.25337863
0.8568786	0.2505586
0.8569097	0.12505372
0.85691524	0.27783552
0.8569123	0.2993044
0.8569433	0.15817738
0.85693616	0.2995309
0.8569544	0.22529499
0.8569769	0.20890754
0.8570121	0.24328157
0.85702604	0.34347275
0.85704005	0.23907755
0.85704976	0.22204022
0.85706365	0.22431518
0.8570776	0.2606939
0.8570831	0.2208145
0.85709274	0.29781488
0.8571151	0.18620956
0.8571332	0.2172769
0.85713863	0.28298286
0.857182	0.14712144
0.85718745	0.27639815
0.85722655	0.14929853
0.85724455	0.2648045
0.85725415	0.29988822
0.8572679	0.29997027
0.8572859	0.2308975
0.8573123	0.16261007
0.85731345	0.27899665
0.8573314	0.2335753
0.8573535	0.22624809
0.85738397	0.17197983
0.8574019	0.23587725
0.85743654	0.16786233
0.8574586	0.23569112
0.85745966	0.29669282
0.85748583	0.19298296
0.8574995	0.28586656
0.8574754	0.36117905
0.8574639	0.31796572
0.8574859	0.24542439
0.8575078	0.19236782
0.85751724	0.26750207
0.8575224	0.26073474
0.85753185	0.20908251
0.8575537	0.21911415
0.8575714	0.19133168
0.8575641	0.3668064
0.8575693	0.26514623
0.85757864	0.2728188
0.8575838	0.22980724
0.85760564	0.21118836
0.8576191	0.266662
0.85763675	0.22266492
0.8576544	0.2685776
0.85767615	0.23859435
0.85769373	0.1944631
0.8577113	0.2434528
0.8577372	0.19209978
0.85775054	0.30047622
0.85773075	0.3702929
0.8577441	0.27601874
0.8577492	0.3372744
0.8577667	0.21549968
0.8577883	0.24007954
0.8577893	0.26775777
0.85780674	0.22253917
0.85781175	0.22863878
0.8578292	0.26471066
0.857859	0.21651661
0.8578847	0.21506624
0.8579186	0.19529903
0.85794836	0.19079632
0.8579699	0.22899407
0.85798305	0.29980078
0.85801274	0.15662389
0.8580301	0.25011984
0.8580597	0.19434349
0.85806465	0.3216223
0.85807365	0.28897372
0.85807854	0.2565683
0.8580958	0.23183727
0.85811716	0.19088025
0.8581343	0.23790123
0.85814744	0.2177429
0.8581687	0.22953911
0.85817766	0.246824
0.85818255	0.30529585
0.8581874	0.28736916
0.8581963	0.24460953
0.85820526	0.21311441
0.8582265	0.1745117
0.85823536	0.25085235
0.85826063	0.2054262
0.85827774	0.23434551
0.8582989	0.21514115
0.85832816	0.188556
0.8583534	0.24118206
0.8583663	0.20673089
0.8583874	0.19987936
0.8584003	0.25882202
0.858405	0.31893727
0.8584138	0.25075302
0.8584389	0.24337399
0.85846806	0.20702465
0.85848093	0.25069708
0.8585019	0.17983955
0.85853505	0.134699
0.8585397	0.28673932
0.85854846	0.26265058
0.85854906	0.25169724
0.8585699	0.2023451
0.85859084	0.17710997
0.85863197	0.11982508
0.8586488	0.18649197
0.8586655	0.23139758
0.858662	0.3463074
0.85868686	0.19801937
0.8586874	0.27096364
0.85869604	0.22558601
0.85872895	0.18506883
0.8587497	0.23132816
0.85877043	0.23355132
0.8588033	0.20406035
0.85883206	0.21169634
0.85883653	0.2762062
0.85886526	0.21766865
0.85888594	0.21652819
0.8588904	0.31791854
0.858907	0.2311376
0.8589155	0.34154266
0.8589522	0.16311872
0.8589607	0.2270351
0.85898125	0.23592637
0.85898966	0.32484078
0.8590263	0.12978774
0.85904276	0.24755642
0.8590391	0.32660472
0.8590636	0.17712103
0.8590881	0.25990012
0.8590885	0.3250731
0.8591009	0.2665678
0.85910124	0.29405746
0.8591176	0.2526167
0.85912204	0.33153385
0.8591424	0.23565781
0.8591668	0.20571223
0.85917515	0.2913674
0.85916746	0.37141198
0.85919577	0.24683838
0.8592241	0.22891738
0.8592364	0.19191441
0.8592647	0.16812763
0.8592969	0.18947415
0.8593092	0.25911456
0.8593294	0.21869822
0.8593696	0.14445534
0.8593858	0.19574644
0.8594179	0.17339888
0.85943806	0.16712895
0.8594582	0.18573302
0.8594624	0.33581638
0.85947853	0.26197326
0.8594907	0.24433063
0.8595068	0.2395126
0.85951895	0.2418198
0.8595072	0.38599738
0.8595114	0.30321312
0.8595433	0.1468586
0.8595832	0.17586067
0.8596111	0.22522673
0.8596271	0.26388675
0.859655	0.18283267
0.859675	0.197412
0.85969096	0.20364831
0.859695	0.2919239
0.85969514	0.2537954
0.859723	0.21107168
0.8597389	0.22586611
0.8597232	0.33549747
0.8597391	0.26528838
0.8597471	0.24732965
0.8597748	0.19742142
0.8597947	0.17665727
0.8598263	0.1709131
0.85983825	0.25498092
0.8598619	0.24205379
0.8598817	0.2069444
0.8598857	0.25762016
0.8599015	0.259034
0.8599094	0.27371284
0.8599409	0.17444268
0.859937	0.31096146
0.85996455	0.16770916
0.8599842	0.22638056
0.8600117	0.21744736
0.86002743	0.2250284
0.860051	0.21640313
0.8600705	0.205614
0.8600705	0.2757338
0.86007833	0.31896874
0.8600901	0.22919166
0.86012137	0.15550414
0.86012524	0.32554436
0.8601095	0.33521953
0.86012125	0.2608534
0.860129	0.27708894
0.8601329	0.2815665
0.860168	0.16924447
0.8601875	0.21798693
0.8601991	0.24827342
0.86023414	0.16362542
0.86026525	0.20289776
0.86029637	0.24457766
0.8603197	0.17522053
0.8603468	0.1856908
0.860335	0.36807978
0.86035436	0.24351159
