0.81	0.36619323
0.88	0.29827204
0.88	0.29301083
0.86	0.34787574
0.89	0.27679706
0.76	0.3721416
0.8	0.43516243
0.83	0.37478164
0.92	0.25034058
0.81	0.38135764
0.88	0.30105886
0.87	0.3228854
0.84	0.36962268
0.8	0.39320812
0.85	0.2898712
0.86	0.34745076
0.89	0.25943738
0.88	0.33604568
0.81	0.36243713
0.79	0.33418214
0.91	0.24740437
0.77	0.3801703
0.83	0.34307986
0.82	0.41320455
0.85	0.38109237
0.91	0.28533
0.93	0.31114495
0.84	0.36432686
0.83	0.31733295
0.87	0.27610382
0.84	0.32662088
0.81	0.39451417
0.79	0.40287417
0.89	0.28298518
0.84	0.36258915
0.86	0.36645913
0.81	0.39348865
0.78	0.37315768
0.81	0.38014102
0.84	0.31822821
0.81	0.42027408
0.85	0.37682658
0.84	0.31399506
0.88	0.27668822
0.79	0.3846222
0.84	0.360913
0.92	0.22946428
0.81	0.34567285
0.86	0.30793288
0.91	0.2500155
0.81	0.3710169
0.89	0.32265958
0.85	0.35294488
0.8	0.36005569
0.79	0.47251683
0.84	0.34048486
0.83	0.32603654
0.82	0.39734718
0.9	0.30961087
0.81	0.35606673
0.81	0.35146913
0.86	0.30294156
0.8	0.37009513
0.81	0.4275466
0.84	0.39559036
0.79	0.43514228
0.77	0.40870363
0.84	0.37402385
0.79	0.4197575
0.92	0.23615892
0.77	0.43135822
0.87	0.31534994
0.85	0.36754644
0.77	0.4156639
0.88	0.3166803
0.87	0.33946654
0.88	0.26204813
0.89	0.35971272
0.93	0.22872911
0.81	0.39967576
0.83	0.32987067
0.84	0.3471637
0.84	0.38856828
0.81	0.33183983
0.86	0.2993297
0.83	0.43321392
0.81	0.34294432
0.81	0.337282
0.84	0.34529957
0.87	0.28465438
0.85	0.31254292
0.84	0.3360581
0.84	0.36462364
0.85	0.35940948
0.88	0.305287
0.85	0.318537
0.88	0.29463866
0.88	0.29847795
0.82	0.37973726
0.87	0.31249785
0.88	0.30823258
0.86	0.33106086
0.85	0.36437988
0.91	0.21649547
0.83	0.34605753
0.79	0.3720286
0.88	0.31808665
0.83	0.34818333
0.85	0.32866174
0.9	0.28022817
0.88	0.3337075
0.78	0.41808078
0.84	0.33878243
0.84	0.34718013
0.83	0.3622381
0.83	0.34508815
0.82	0.35941344
0.85	0.3457804
0.82	0.33984324
0.81	0.43576416
0.85	0.3595149
0.85	0.3624913
0.76	0.51831293
0.87	0.31004453
0.86	0.3236228
0.9	0.26358378
0.89	0.27940667
0.81	0.41998172
0.89	0.25521106
0.79	0.42068204
0.83	0.3469265
0.88	0.2900417
0.95	0.22767115
0.83	0.32104272
0.81	0.41893318
0.82	0.3546179
0.85	0.3923507
0.88	0.27291924
0.81	0.4221956
0.88	0.31652197
0.8	0.4097358
0.86	0.30573082
0.8	0.40407303
0.86	0.32511032
0.86	0.33515263
0.86	0.37435874
0.84	0.3325107
0.8	0.36875695
0.82	0.3198994
0.85	0.3089967
0.87	0.2693026
0.86	0.3136439
0.9	0.25661892
0.79	0.39545214
0.8	0.44421712
0.88	0.24073558
0.87	0.34887427
0.8	0.3539949
0.89	0.27436233
0.83	0.39105546
0.84	0.37960407
0.84	0.36824664
0.85	0.29285747
0.86	0.34780157
0.8	0.33144006
0.87	0.35082775
0.86	0.30890897
0.86	0.35987297
0.78	0.39821446
0.86	0.35569608
0.79	0.37654376
0.89	0.30891562
0.84	0.31785887
0.82	0.3902607
0.86	0.34160691
0.78	0.4482933
0.92	0.26050097
0.88	0.3191001
0.89	0.29009762
0.9	0.28507006
0.78	0.4254912
0.89	0.37312058
0.73	0.45885146
0.86	0.3520295
0.84	0.33129704
0.83	0.33567494
0.84	0.38086608
0.86	0.3382194
0.91	0.25331944
0.91	0.2800113
0.86	0.27090013
0.88	0.28781387
0.84	0.32645965
0.88	0.32359114
0.8	0.38971955
0.87	0.41781148
0.82	0.4199243
0.85	0.3752046
0.86	0.31504667
0.85	0.33443668
0.82	0.37736392
0.86	0.37319595
0.82	0.3773155
0.87	0.31253964
0.91	0.30157062
0.82	0.3339706
0.83	0.3248697
0.8	0.41268474
0.88	0.30154464
0.92	0.28516188
0.79	0.34456584
0.81	0.43204305
0.84	0.35139906
0.82	0.36308157
0.87	0.2999262
0.88	0.28417483
0.82	0.35319388
0.8	0.38152936
0.81	0.46423814
0.92	0.23053086
0.84	0.34322968
0.88	0.2635604
0.84	0.34718323
0.81	0.38273254
0.9	0.30320895
0.8	0.40799943
0.81	0.3805026
0.81	0.4124295
0.85	0.34881637
0.85	0.35258836
0.84	0.30853927
0.88	0.2987587
0.88	0.3143455
0.9	0.29033569
0.81	0.3851837
0.91	0.26636398
0.86	0.35642406
0.9	0.3205925
0.77	0.44170466
0.85	0.31184256
0.86	0.3733233
0.82	0.40964344
0.87	0.32274148
0.93	0.23182878
0.79	0.4140481
0.85	0.3467499
0.81	0.40059575
0.82	0.39925683
0.87	0.29645216
0.82	0.32951424
0.83	0.38854644
0.82	0.3793015
0.82	0.3418023
0.75	0.47845054
0.86	0.3653336
0.86	0.31746912
0.82	0.3338995
0.93	0.29208004
0.84	0.30137643
0.8	0.4269234
0.83	0.36877105
0.81	0.40524486
0.85	0.38176048
0.86	0.28179884
0.87	0.3309694
0.9	0.2364611
0.84	0.4118711
0.84	0.29978433
0.84	0.37189427
0.78	0.41665432
0.83	0.37230474
0.89	0.24327852
0.86	0.31189385
0.86	0.33020356
0.93	0.23584367
0.83	0.389552
0.86	0.29423034
0.78	0.38599265
0.86	0.2819411
0.83	0.3436836
0.88	0.2997691
0.88	0.32668865
0.82	0.44210842
0.85	0.31375763
0.85	0.30048662
0.87	0.32946655
0.86	0.3463832
0.87	0.30081025
0.8	0.38688052
0.86	0.33890286
0.85	0.31859538
0.86	0.33513108
0.79	0.43177405
0.82	0.39907506
0.86	0.3082367
0.88	0.26229626
0.82	0.32444125
0.85	0.3279382
0.8	0.36544177
0.82	0.3274555
0.88	0.30596796
0.88	0.30003285
0.76	0.40742072
0.83	0.33908176
0.83	0.3369864
0.87	0.31539744
0.85	0.37646616
0.86	0.37491044
0.83	0.4379497
0.8	0.3649519
0.83	0.34149826
0.85	0.3226549
0.86	0.32456532
0.85	0.33725995
0.86	0.3060425
0.84	0.35900322
0.86	0.27303043
0.87	0.29708606
0.87	0.32462588
0.84	0.34505326
0.84	0.3144181
0.86	0.3235414
0.78	0.4394659
0.85	0.3308165
0.86	0.33487025
0.83	0.39642856
0.79	0.4029081
0.82	0.35925052
0.83	0.3240914
0.83	0.3138344
0.85	0.32751966
0.83	0.332263
0.84	0.30058107
0.84	0.32246423
0.82	0.39177558
0.88	0.30186757
0.93	0.23742616
0.87	0.3226324
0.86	0.39213562
0.89	0.26550224
0.83	0.39530894
0.81	0.37892005
0.89	0.31365657
0.85	0.34590793
0.82	0.3467924
0.89	0.27631402
0.85	0.33376163
0.8	0.4200301
0.84	0.2993969
0.92	0.25801876
0.8	0.3397528
0.86	0.27845037
0.9	0.2837608
0.81	0.44180733
0.87	0.29193938
0.88	0.2761903
0.85	0.37185195
0.79	0.44442338
0.88	0.34550792
0.8	0.46191436
0.81	0.39136222
0.85	0.30856952
0.87	0.3176633
0.84	0.3488538
0.92	0.28093025
0.87	0.33721843
0.85	0.34100637
0.86	0.3303188
0.82	0.34708238
0.82	0.28471738
0.81	0.43616322
0.78	0.40032986
0.88	0.30399072
0.9	0.29276842
0.89	0.34007755
0.88	0.30503473
0.84	0.2878317
0.88	0.30606425
0.83	0.42967555
0.85	0.35020396
0.86	0.30998775
0.85	0.33801234
0.8	0.37517816
0.9	0.2633804
0.87	0.33728004
0.84	0.36715347
0.85	0.3049233
0.8	0.38091955
0.79	0.3600901
0.82	0.3647351
0.92	0.25983533
0.81	0.38480318
0.87	0.27407038
0.86	0.3896371
0.8	0.3677153
0.9	0.29066932
0.85	0.32376727
0.77	0.5091648
0.79	0.4242624
0.94	0.22232743
0.81	0.40338194
0.88	0.27298772
0.86	0.3242329
0.79	0.37553734
0.91	0.2790663
0.83	0.32517868
0.84	0.33030832
0.86	0.36990538
0.83	0.39205453
0.84	0.34509274
0.85	0.30106035
0.85	0.38125518
0.88	0.3149317
0.89	0.31954682
0.87	0.34918985
0.83	0.34982932
0.83	0.38535932
0.85	0.30787864
0.85	0.30648863
0.87	0.293951
0.82	0.43231884
0.85	0.32381165
0.9	0.25477114
0.84	0.30405805
0.88	0.32127345
0.86	0.31996942
0.87	0.28895825
0.89	0.28734726
0.85	0.35431373
0.88	0.25005835
0.86	0.31896183
0.77	0.4411079
0.8	0.36056858
0.85	0.27917123
0.87	0.30754167
0.86	0.3836257
0.88	0.3060888
0.87	0.36075643
0.85	0.30361027
0.82	0.37935922
0.83	0.3772044
0.77	0.4143891
0.85	0.3280148
0.88	0.27491483
0.9	0.25605035
0.86	0.28197443
0.91	0.24957353
0.91	0.20610529
0.76	0.41870072
0.79	0.39471412
0.85	0.3480841
0.79	0.40795043
0.86	0.3201696
0.82	0.38608226
0.85	0.35303524
0.86	0.3591853
0.84	0.32982257
0.84	0.36579216
0.85	0.30207965
0.88	0.3114226
0.88	0.2555583
0.81	0.31032196
0.85	0.30885935
0.78	0.37686938
0.81	0.4048643
0.81	0.34616256
0.89	0.28566542
0.79	0.4284736
0.86	0.3445738
0.82	0.3514946
0.83	0.32306236
0.82	0.39059907
0.87	0.30589837
0.84	0.41620892
0.86	0.34689263
0.85	0.34534264
0.88	0.255354
0.87	0.35767514
0.84	0.30251437
0.86	0.33529177
0.86	0.30629176
0.86	0.2795537
0.81	0.3675052
0.88	0.302371
0.84	0.27602804
0.86	0.30850863
0.87	0.31895265
0.79	0.38568696
0.84	0.3641838
0.82	0.3837558
0.78	0.38281873
0.85	0.32157665
0.86	0.32048485
0.84	0.31876525
0.83	0.34770125
0.84	0.29641786
0.89	0.2934082
0.86	0.32946596
0.85	0.34795865
0.88	0.2583168
0.87	0.31931153
0.88	0.35322544
0.86	0.2736946
0.84	0.31669652
0.91	0.28441375
0.83	0.3823838
0.85	0.3437038
0.88	0.2734326
0.89	0.25682372
0.84	0.40900543
0.82	0.36578923
0.85	0.36152878
0.87	0.3413974
0.88	0.32136846
0.87	0.30152258
0.85	0.31580418
0.85	0.3341006
0.86	0.27663934
0.89	0.28764316
0.91	0.21695757
0.84	0.37334678
0.94	0.25834617
0.76	0.4398471
0.84	0.31698307
0.87	0.27815938
0.87	0.32318085
0.78	0.38669407
0.81	0.34696004
0.86	0.2685513
0.87	0.27542493
0.88	0.28008103
0.81	0.3330163
0.87	0.32103965
0.82	0.36475694
0.87	0.3288948
0.87	0.256073
0.87	0.3122342
0.88	0.25910953
0.8	0.3918061
0.79	0.41213357
0.8	0.35664377
0.84	0.32191935
0.86	0.3274243
0.82	0.4035206
0.86	0.37932312
0.83	0.3584142
0.79	0.40556392
0.8	0.3905651
0.83	0.33980805
0.82	0.363484
0.87	0.32793686
0.88	0.331546
0.84	0.28995776
0.87	0.3114488
0.83	0.36103275
0.79	0.3258516
0.85	0.35601562
0.83	0.3594642
0.88	0.28898546
0.86	0.34110352
0.83	0.32496393
0.89	0.27731138
0.85	0.34497386
0.87	0.33884856
0.86	0.2979751
0.83	0.36892468
0.84	0.36658624
0.81	0.42870668
0.84	0.34655434
0.91	0.27037397
0.86	0.3115398
0.93	0.27941796
0.81	0.3832909
0.84	0.37515685
0.89	0.27875274
0.87	0.31285107
0.88	0.2816119
0.73	0.45836785
0.88	0.30460143
0.87	0.30255008
0.87	0.3037192
0.89	0.3225953
0.92	0.2677433
0.85	0.35190392
0.85	0.32234582
0.82	0.36369905
0.84	0.33909684
0.88	0.29130962
0.84	0.38737953
0.8	0.3552132
0.82	0.3354846
0.92	0.2727142
0.96	0.22885467
0.89	0.31196657
0.75	0.49654418
0.83	0.31513503
0.8	0.33680022
0.85	0.33486873
0.84	0.30546
0.81	0.35862932
0.87	0.29446518
0.81	0.3167167
0.9	0.31431746
0.83	0.36812514
0.82	0.34228194
0.87	0.3474044
0.81	0.35626447
0.84	0.34134746
0.84	0.30237713
0.76	0.44607803
0.86	0.30161357
0.86	0.30857265
0.86	0.33300236
0.85	0.31780896
0.83	0.34299946
0.88	0.31512862
0.95	0.2289055
0.88	0.26955947
0.78	0.40030912
0.87	0.2786971
0.87	0.31628564
0.86	0.32309234
0.89	0.2916685
0.84	0.35114262
0.85	0.33787307
0.89	0.31768766
0.88	0.26933128
0.93	0.22610289
0.86	0.2739605
0.87	0.29814482
0.87	0.3240395
0.88	0.28565463
0.86	0.34787753
0.86	0.35316917
0.85	0.34724975
0.82	0.32641286
0.83	0.38783792
0.85	0.31771466
0.8	0.43532512
0.87	0.29146612
0.82	0.39217448
0.87	0.2871057
0.79	0.39861846
0.9	0.27528414
0.86	0.34004092
0.88	0.28843707
0.83	0.34860396
0.85	0.3944447
0.88	0.26379254
0.84	0.3183494
0.78	0.47732696
0.83	0.3325149
0.93	0.23202094
0.89	0.2676181
0.81	0.3918848
0.8	0.42993003
0.87	0.32015735
0.82	0.43963948
0.85	0.3520024
0.87	0.318173
0.85	0.3267537
0.79	0.37608626
0.86	0.27707803
0.83	0.33179897
0.84	0.33423883
0.84	0.31730908
0.86	0.31536
0.81	0.3529046
0.86	0.33684638
0.89	0.31225455
0.85	0.29154474
0.89	0.3215737
0.87	0.32450616
0.84	0.31864318
0.84	0.31446218
0.83	0.35970005
0.84	0.3282562
0.77	0.41614097
0.8	0.40514085
0.85	0.3442323
0.75	0.42215294
0.86	0.32873765
0.81	0.36111003
0.9	0.27362052
0.82	0.33887008
0.84	0.31743604
0.8	0.34507716
0.91	0.25388837
0.81	0.39224023
0.77	0.48325744
0.78	0.44282985
0.9	0.2725179
0.89	0.3009994
0.93	0.2642413
0.76	0.43487218
0.86	0.3171014
0.84	0.35702574
0.77	0.42718536
0.8	0.37674302
0.89	0.26158512
0.87	0.3302642
0.86	0.29787314
0.81	0.393087
0.8	0.3935482
0.86	0.32849735
0.85	0.29433557
0.82	0.30631056
0.86	0.33861104
0.83	0.32055196
0.85	0.32566565
0.88	0.34873208
0.87	0.2949563
0.82	0.38998717
0.78	0.4208223
0.9	0.2459462
0.84	0.37118247
0.87	0.32174978
0.89	0.22850499
0.9	0.2377422
0.91	0.28688926
0.85	0.38019007
0.91	0.30929223
0.85	0.3636077
0.82	0.34997207
0.73	0.50018007
0.85	0.34468424
0.87	0.3131614
0.86	0.3552953
0.85	0.35033834
0.91	0.28719884
0.9	0.29679385
0.78	0.39833358
0.84	0.28922963
0.86	0.3355668
0.88	0.28875673
0.9	0.28842553
0.86	0.26070842
0.9	0.30786198
0.81	0.32254654
0.89	0.27457467
0.82	0.3500982
0.83	0.37098044
0.9	0.335818
0.82	0.36498433
0.87	0.33637303
0.8	0.3936765
0.9	0.25163573
0.85	0.35276648
0.84	0.29166457
0.81	0.35848656
0.82	0.35039714
0.82	0.35941505
0.85	0.3444873
0.88	0.2652004
0.88	0.28789502
0.78	0.42334
0.85	0.32215264
0.81	0.37258992
0.86	0.3191768
0.81	0.39770865
0.89	0.3277828
0.89	0.32169753
0.84	0.34296897
0.83	0.351595
0.81	0.43900597
0.86	0.3154854
0.85	0.3155704
0.81	0.33655864
0.86	0.30444396
0.88	0.24606311
0.88	0.2937581
0.89	0.312198
0.86	0.32263047
0.93	0.24300444
0.82	0.36134
0.85	0.34376553
0.9	0.24410717
0.85	0.41065243
0.88	0.28925502
0.8	0.34003016
0.89	0.29695937
0.79	0.4546996
0.89	0.3203227
0.82	0.37527573
0.88	0.27766097
0.82	0.4474164
0.9	0.25556
0.87	0.29178682
0.89	0.25055617
0.89	0.25500175
0.83	0.36583626
0.85	0.3368611
0.86	0.35063994
0.81	0.3511835
0.83	0.35795376
0.83	0.3457125
0.83	0.33325866
0.79	0.49243283
0.88	0.3555787
0.89	0.27597487
0.88	0.2574107
0.85	0.30952108
0.84	0.37368757
0.84	0.30709964
0.81	0.33069733
0.87	0.24378163
0.79	0.31012312
0.84	0.35294083
0.87	0.2816715
0.88	0.28791246
0.84	0.3823741
0.76	0.40387008
0.85	0.3505081
0.86	0.307945
0.85	0.3284629
0.79	0.4167777
0.83	0.3790987
0.89	0.27573472
0.81	0.3605813
0.86	0.31107545
0.87	0.32849815
0.86	0.32585406
0.92	0.24884346
0.85	0.33548263
0.84	0.30605224
0.86	0.3763188
0.92	0.2455141
0.81	0.34779382
0.88	0.29532737
0.84	0.30885902
0.83	0.38212836
0.84	0.3543747
0.81	0.37128696
0.8	0.40630066
0.83	0.32227758
0.83	0.33819553
0.82	0.37285414
0.85	0.35928357
0.82	0.3769516
0.85	0.31853604
0.9	0.26406643
0.83	0.32842177
0.87	0.30474523
0.89	0.3114646
0.89	0.27691898
0.81	0.33141834
0.8	0.4507997
0.81	0.33528215
0.85	0.32397947
0.84	0.35907894
0.88	0.29146838
0.8	0.4241461
0.84	0.39295506
0.76	0.4205648
0.85	0.23275203
0.74	0.42621654
0.8	0.39717126
0.84	0.37366277
0.72	0.4908701
0.87	0.3063498
0.79	0.37358233
0.9	0.30561304
0.79	0.38443184
0.89	0.33698365
0.83	0.3522113
0.84	0.35770118
0.86	0.29342213
0.84	0.38469985
0.86	0.3384438
0.83	0.3336832
0.85	0.2879216
0.84	0.3875339
0.8	0.34840003
0.85	0.35088626
0.89	0.25639534
0.79	0.40613553
0.87	0.2858167
0.91	0.22925763
0.85	0.3046625
0.89	0.2746114
0.83	0.35964447
0.85	0.33822876
0.91	0.2173652
0.8	0.3302152
0.79	0.48493
0.79	0.38065192
0.82	0.32303983
0.9	0.27849522
0.87	0.28285256
0.77	0.4450171
0.86	0.3217245
0.82	0.3319965
0.83	0.42237565
0.93	0.2072062
0.87	0.35379773
0.91	0.24985081
0.84	0.3781711
0.83	0.33437717
0.78	0.3747654
0.79	0.42987296
0.92	0.28883985
0.85	0.31891662
0.88	0.250512
0.83	0.38927895
0.83	0.3879131
0.81	0.37927735
0.89	0.30323
0.87	0.29611626
0.83	0.36852637
0.84	0.31409773
0.91	0.2653458
0.86	0.3175573
0.8	0.4006996
0.82	0.36674634
0.86	0.28009138
0.86	0.32222396
0.89	0.24341841
0.81	0.40422213
0.9	0.29893845
0.86	0.32854193
0.78	0.38268653
0.9	0.2641954
0.87	0.40064475
0.9	0.26660112
0.85	0.32100818
0.9	0.28272286
0.86	0.3466119
0.89	0.30036175
0.81	0.42731965
0.85	0.29531783
0.83	0.33655047
0.81	0.40787715
0.92	0.21919078
0.86	0.33857882
0.86	0.30465776
0.87	0.27456033
0.85	0.32792646
0.88	0.26394776
0.89	0.24616969
0.85	0.40926716
0.84	0.29324853
0.89	0.25486192
0.87	0.33974257
0.85	0.34108743
0.82	0.32281643
0.86	0.31294137
0.82	0.33181217
0.85	0.3805563
0.86	0.3297061
0.75	0.4112455
0.92	0.23927279
0.85	0.32115027
0.87	0.30678624
0.88	0.27477184
0.82	0.3725098
0.83	0.40728253
0.8	0.39190376
0.89	0.2724401
0.81	0.41668895
0.85	0.29769036
0.87	0.29674384
0.83	0.3301638
0.91	0.21531746
0.81	0.4022828
0.9	0.26604483
0.86	0.26151085
0.85	0.33899495
0.83	0.39223763
0.82	0.3920349
0.87	0.3314986
0.83	0.30358955
0.79	0.39681798
0.87	0.285297
0.85	0.30346298
0.84	0.30969736
0.8	0.43399203
0.88	0.3202261
0.9	0.26638973
0.83	0.32815605
0.88	0.27618974
0.82	0.3741822
0.75	0.41931346
0.89	0.24302244
0.8	0.3522738
0.85	0.3441136
0.86	0.3404744
0.84	0.32552996
0.88	0.31350005
0.87	0.29670855
0.91	0.270988
0.82	0.3680436
0.89	0.27498746
0.74	0.4441887
0.89	0.27272296
0.87	0.2916242
0.85	0.35412621
0.82	0.31362802
0.89	0.30198482
0.9	0.2967786
0.84	0.28092355
0.8	0.36698392
0.84	0.3369139
0.84	0.32918796
0.83	0.3803417
0.9	0.2924892
0.86	0.31817806
0.8	0.4064535
0.85	0.28615078
0.87	0.30702075
0.8	0.34940442
0.86	0.3233742
0.81	0.38344643
0.86	0.29929262
0.89	0.23578548
0.82	0.38645673
0.83	0.34984043
0.84	0.3075525
0.83	0.3162201
0.8	0.35332555
0.84	0.34144494
0.79	0.34968787
0.9	0.28013635
0.75	0.46065658
0.87	0.28277993
0.79	0.4245535
0.85	0.3412371
0.78	0.47085077
0.89	0.30572614
0.76	0.36592323
0.86	0.33665416
0.87	0.3369499
0.88	0.31373674
0.8	0.4658548
0.86	0.2861571
0.74	0.4473325
0.86	0.3058996
0.85	0.34328347
0.88	0.26368892
0.85	0.32106626
0.84	0.35559562
0.88	0.2986874
0.83	0.32901132
0.84	0.31147593
0.89	0.3313683
0.87	0.28139344
0.92	0.29980367
0.83	0.39649215
0.78	0.41980252
0.93	0.26131716
0.83	0.34714544
0.85	0.33485135
0.83	0.3621445
0.77	0.39640075
0.84	0.29891774
0.87	0.28364265
0.81	0.355796
0.86	0.28963828
0.9	0.29486877
0.86	0.31858256
0.83	0.41452533
0.83	0.31098333
0.85	0.30842626
0.89	0.26776767
0.88	0.31305093
0.83	0.33777642
0.83	0.35147446
0.9	0.26126364
0.85	0.32659018
0.81	0.3064968
0.9	0.29095572
0.82	0.3899236
0.91	0.25457972
0.85	0.35360673
0.9	0.23681681
0.86	0.37323546
0.84	0.28239396
0.85	0.35612506
0.84	0.31796917
0.85	0.35641235
0.94	0.20890707
0.82	0.35834104
0.85	0.3029945
0.88	0.31524482
0.88	0.28819844
0.83	0.33119947
0.83	0.3230599
0.82	0.42025903
0.87	0.27181098
0.84	0.39692628
0.81	0.37194443
0.86	0.269366
0.89	0.25491887
0.84	0.30244294
0.9	0.29812634
0.9	0.26672888
0.78	0.38838112
0.89	0.29777715
0.92	0.23194042
0.84	0.37502015
0.87	0.32755345
0.89	0.2700703
0.83	0.37210986
0.88	0.31783527
0.93	0.22764255
0.81	0.3450117
0.82	0.37396634
0.88	0.31054017
0.87	0.32504585
0.8	0.38030207
0.84	0.3257956
0.83	0.36142203
0.86	0.36290866
0.9	0.27573764
0.86	0.29505023
0.85	0.33356124
0.91	0.2335648
0.87	0.33600911
0.87	0.24362698
0.86	0.3132216
0.8	0.3612696
0.87	0.3328308
0.84	0.37017214
0.84	0.30301547
0.83	0.37876186
0.82	0.3291344
0.87	0.27582392
0.84	0.3893272
0.93	0.2541977
0.94	0.21272303
0.8	0.3856897
0.85	0.29639867
0.81	0.40961117
0.84	0.40364134
0.83	0.3814333
0.78	0.38548538
0.84	0.36491072
0.83	0.32508805
0.82	0.40320367
0.83	0.31270257
0.94	0.21226159
0.84	0.35258144
0.84	0.33235073
0.75	0.40961778
0.86	0.27952543
0.9	0.27708825
0.88	0.30412257
0.89	0.27473664
0.86	0.33904973
0.82	0.3963218
0.82	0.40214282
0.88	0.2947839
0.84	0.32608342
0.87	0.34851333
0.88	0.2861844
0.82	0.33946353
0.82	0.38100377
0.88	0.24543859
0.9	0.28457752
0.87	0.28448585
0.9	0.27809337
0.85	0.3588753
0.9	0.2520083
0.91	0.28232148
0.85	0.28707486
0.89	0.23559813
0.85	0.33031794
0.76	0.39528888
0.76	0.42000324
0.84	0.3663063
0.89	0.2701344
0.84	0.3569078
0.84	0.3775996
0.86	0.3008945
0.88	0.27573544
0.85	0.33067748
0.91	0.23778038
0.75	0.4358078
0.83	0.35617316
0.87	0.31419432
0.86	0.26166874
0.77	0.4026928
0.86	0.32343364
0.87	0.2664147
0.79	0.359171
0.89	0.34037942
0.84	0.30137902
0.89	0.28246263
0.86	0.3360642
0.79	0.40882206
0.8	0.38592458
0.87	0.32891196
0.88	0.33690804
0.87	0.29105958
0.79	0.40342277
0.85	0.38412133
0.84	0.3256326
0.82	0.40551507
0.87	0.26889533
0.85	0.29030988
0.89	0.2948209
0.88	0.26721552
0.88	0.32261315
0.79	0.3817898
0.83	0.33570087
0.83	0.33108962
0.89	0.24856424
0.79	0.37498197
0.84	0.33252168
0.86	0.33495876
0.88	0.28605196
0.83	0.339101
0.85	0.32988468
0.87	0.2809847
0.88	0.3213825
0.82	0.41141614
0.86	0.24911425
0.84	0.3801849
0.89	0.28988487
0.91	0.23513277
0.89	0.24487174
0.82	0.39513654
0.88	0.29112396
0.84	0.3556889
0.89	0.25461003
0.78	0.40975282
0.85	0.33109176
0.83	0.3355472
0.79	0.41695213
0.81	0.35239246
0.85	0.3315298
0.8	0.42205185
0.83	0.30594584
0.84	0.30476177
0.83	0.37386325
0.87	0.25947618
0.83	0.34817418
0.92	0.18681498
0.83	0.3144756
0.87	0.34692782
0.82	0.3696916
0.83	0.33584827
0.88	0.23403193
0.88	0.32771856
0.87	0.25562972
0.91	0.28449738
0.84	0.38405246
0.9	0.2697088
0.87	0.28798592
0.85	0.32675466
0.82	0.35100877
0.81	0.34334084
0.83	0.3352378
0.86	0.41018203
0.86	0.3048414
0.89	0.29031757
0.86	0.29419026
0.85	0.30980343
0.87	0.26940367
0.86	0.29381964
0.83	0.33370697
0.93	0.23100184
0.87	0.2911354
0.91	0.24523659
0.87	0.28023648
0.9	0.27216238
0.83	0.3966308
0.84	0.33223915
0.86	0.34168977
0.91	0.24937895
0.78	0.38971093
0.85	0.2786129
0.81	0.3284108
0.87	0.25195503
0.89	0.2617876
0.8	0.3303671
0.84	0.34933788
0.89	0.33965242
0.84	0.38435918
0.85	0.292449
0.85	0.38452914
0.86	0.3127267
0.87	0.29947793
0.82	0.32372737
0.84	0.39104614
0.86	0.28697085
0.91	0.27937293
0.88	0.27552643
0.84	0.32388246
0.86	0.25227317
0.92	0.25480336
0.9	0.2996409
0.89	0.29426444
0.83	0.3605197
0.82	0.33665958
0.88	0.27702817
0.82	0.41514724
0.82	0.31085503
0.81	0.35994777
0.87	0.29050747
0.86	0.3513129
0.77	0.37451443
0.84	0.34031215
0.81	0.36675552
0.87	0.26903692
0.91	0.233765
0.86	0.3170584
0.81	0.39068222
0.95	0.1977562
0.86	0.3930294
0.79	0.37906334
0.85	0.29385278
0.91	0.26914334
0.91	0.23809625
0.81	0.33568132
0.84	0.36923367
0.88	0.3788949
0.85	0.37206298
0.87	0.31864756
0.89	0.30441758
0.8	0.3334223
0.82	0.3721675
0.79	0.35003537
0.82	0.36924803
0.86	0.3142215
0.85	0.2739487
0.83	0.31222203
0.91	0.25575238
0.83	0.39418578
0.91	0.22247058
0.85	0.29922184
0.85	0.3491296
0.87	0.35037097
0.84	0.28005007
0.89	0.29498598
0.84	0.27737433
0.83	0.37113938
0.88	0.30762616
0.82	0.38072395
0.85	0.39824662
0.84	0.35964257
0.9	0.27983028
0.84	0.341518
0.88	0.29150987
0.79	0.39526966
0.77	0.42703995
0.8	0.36901417
0.86	0.2781526
0.81	0.3555035
0.82	0.34422597
0.86	0.26307902
0.81	0.3501084
0.87	0.2807447
0.92	0.2604776
0.85	0.29439825
0.85	0.33260044
0.82	0.38417503
0.84	0.3158936
0.86	0.29601827
0.84	0.3581499
0.92	0.22962609
0.86	0.3220004
0.89	0.26641092
0.87	0.3564042
0.85	0.39708176
0.86	0.34606922
0.82	0.30962232
0.86	0.35812527
0.86	0.29533228
0.91	0.23778267
0.85	0.34412208
0.87	0.37326345
0.88	0.29595932
0.79	0.36922628
0.83	0.35773742
0.89	0.30593044
0.91	0.26502553
0.89	0.31112316
0.81	0.41635394
0.83	0.4131005
0.89	0.27181563
0.9	0.2999229
0.87	0.28599238
0.82	0.36579812
0.83	0.3800242
0.89	0.29104033
0.8	0.41422847
0.88	0.27147353
0.83	0.33823368
0.81	0.37835464
0.84	0.31306058
0.87	0.31530458
0.84	0.30533606
0.82	0.334883
0.81	0.47371185
0.9	0.27892068
0.89	0.2863118
0.86	0.30870378
0.86	0.34208342
0.81	0.4067647
0.84	0.40863845
0.85	0.34274778
0.85	0.33071372
0.85	0.2925711
0.85	0.32203677
0.79	0.39687547
0.88	0.3386948
0.83	0.33765832
0.84	0.3654894
0.85	0.34610903
0.81	0.3867327
0.85	0.32129014
0.83	0.33999473
0.86	0.33766815
0.84	0.3856786
0.84	0.33979768
0.85	0.3226588
0.82	0.38485074
0.86	0.312275
0.82	0.3693864
0.86	0.3422705
0.88	0.31698287
0.85	0.29531053
0.88	0.29041287
0.92	0.27903003
0.82	0.30512547
0.84	0.31231087
0.82	0.32490474
0.78	0.41956863
0.79	0.41031125
0.81	0.32801074
0.84	0.34661624
0.82	0.28854743
0.88	0.2849373
0.87	0.24970302
0.86	0.32992733
0.88	0.29641396
0.81	0.32515877
0.8	0.39428043
0.89	0.29312545
0.89	0.29309365
0.85	0.34830683
0.84	0.3527154
0.89	0.27706164
0.82	0.34838954
0.82	0.36245996
0.9	0.33016378
0.88	0.28562188
0.84	0.3371541
0.83	0.3003208
0.81	0.39758843
0.85	0.34185874
0.9	0.2825736
0.88	0.30682746
0.89	0.32605726
0.81	0.37131804
0.82	0.3404504
0.85	0.27722165
0.84	0.36840835
0.9	0.27511996
0.77	0.3974416
0.88	0.27260086
0.88	0.2707609
0.82	0.28008744
0.81	0.34676075
0.88	0.3564429
0.84	0.42769578
0.83	0.36237782
0.86	0.31052268
0.82	0.3458766
0.79	0.44701424
0.88	0.29552302
0.83	0.38924056
0.88	0.2997237
0.86	0.28782672
0.85	0.3151276
0.81	0.38286301
0.89	0.29999307
0.86	0.32219285
0.86	0.3416127
0.8	0.38963166
0.87	0.31903923
0.88	0.24648502
0.95	0.22197166
0.83	0.35772765
0.88	0.29032877
0.89	0.27280465
0.88	0.2861985
0.85	0.30348727
0.85	0.2997088
0.85	0.38539872
0.87	0.3239349
0.84	0.3546797
0.87	0.30195847
0.87	0.32062843
0.82	0.38197833
0.86	0.316265
0.83	0.4014523
0.8	0.43774232
0.88	0.28540075
0.9	0.2801162
0.93	0.24959216
0.83	0.32438862
0.85	0.26707894
0.86	0.3036674
0.84	0.42412663
0.86	0.38429058
0.88	0.29195935
0.83	0.33564487
0.86	0.31450737
0.87	0.34800357
0.84	0.36250234
0.88	0.2525844
0.87	0.31606662
0.8	0.346037
0.87	0.32003006
0.8	0.39385453
0.85	0.3325914
0.85	0.32039165
0.83	0.41461027
0.86	0.281412
0.9	0.25761712
0.87	0.27631387
0.82	0.40544686
0.89	0.2960864
0.82	0.4837168
0.92	0.32143748
0.85	0.3309327
0.89	0.23472124
0.87	0.37161767
0.87	0.2929017
0.85	0.29959
0.84	0.3131747
0.77	0.44828632
0.83	0.32197797
0.84	0.3918744
0.87	0.2799009
0.93	0.23172343
0.84	0.35212594
0.82	0.42604053
0.81	0.3308439
0.94	0.27711174
0.79	0.39670315
0.81	0.37618476
0.92	0.24878863
0.83	0.31763864
0.87	0.30468935
0.86	0.33074415
0.87	0.2823999
0.85	0.33774623
0.84	0.37778464
0.85	0.3678134
0.86	0.31526902
0.89	0.27755508
0.92	0.21520422
0.85	0.35546803
0.88	0.31958646
0.9	0.2743316
0.89	0.29199606
0.86	0.2936813
0.83	0.3347944
0.87	0.2798836
0.85	0.35559925
0.84	0.33559406
0.84	0.35665455
0.84	0.31707188
0.85	0.2617811
0.9	0.22789793
0.85	0.29572278
0.87	0.26566607
0.92	0.2701011
0.8	0.4104017
0.91	0.25178233
0.83	0.32609937
0.91	0.29159352
0.83	0.35573745
0.86	0.36700344
0.84	0.33419442
0.86	0.29071647
0.79	0.34280968
0.84	0.3170391
0.85	0.33010617
0.88	0.29504737
0.88	0.30223772
0.88	0.28219754
0.82	0.4019925
0.83	0.35514486
0.86	0.3204613
0.83	0.32021722
0.82	0.37164426
0.85	0.31829035
0.86	0.2902916
0.84	0.30255997
0.86	0.3224621
0.86	0.30894688
0.84	0.3709819
0.86	0.36070383
0.9	0.2587296
0.79	0.4033151
0.87	0.28607476
0.83	0.36306283
0.84	0.3132518
0.88	0.3090662
0.85	0.30916062
0.88	0.32059944
0.6666667	0.46544465
0.84	0.28732136
0.85	0.3099416
0.83	0.3435384
0.77	0.3940779
0.82	0.36172405
0.83	0.36682615
0.87	0.26895022
0.83	0.3790752
0.87	0.26402995
0.91	0.291212
0.82	0.29683998
0.86	0.24783006
0.8	0.4323457
0.89	0.2884012
0.85	0.32545772
0.79	0.4267608
0.8	0.35981053
0.84	0.32850578
0.82	0.364145
0.84	0.31039792
0.84	0.30632398
0.86	0.30105832
0.86	0.2764715
0.88	0.29966775
0.83	0.35186127
0.84	0.3089477
0.88	0.3158667
0.88	0.26623684
0.85	0.3037703
0.82	0.35051215
0.84	0.34045264
0.89	0.2466983
0.87	0.3156978
0.9	0.28589934
0.87	0.3531813
0.83	0.38776383
0.87	0.26814035
0.82	0.36640617
0.9	0.28134736
0.9	0.2195746
0.9	0.2716846
0.83	0.37039033
0.84	0.37650982
0.83	0.37170672
0.83	0.36772224
0.78	0.43475115
0.9	0.20278496
0.84	0.32955918
0.8	0.37618282
0.87	0.29317006
0.87	0.29380658
0.81	0.38205585
0.83	0.3427991
0.79	0.42810887
0.89	0.29066417
0.85	0.35542396
0.84	0.2971517
0.86	0.28229326
0.89	0.2724589
0.85	0.30876744
0.88	0.2852268
0.83	0.38946494
0.86	0.31812954
0.81	0.35375908
0.87	0.31204227
0.9	0.2712483
0.8	0.3570621
0.84	0.32489967
0.85	0.3491058
0.87	0.2989012
0.85	0.29300398
0.88	0.33134308
0.88	0.27909765
0.91	0.22870226
0.82	0.3790012
0.82	0.3016466
0.87	0.2873449
0.82	0.3762924
0.86	0.28966433
0.91	0.24017121
0.88	0.25460866
0.86	0.2662715
0.81	0.36701733
0.87	0.29071757
0.79	0.40407205
0.82	0.3398703
0.86	0.30544052
0.87	0.282304
0.87	0.28269958
0.82	0.37848455
0.83	0.3482892
0.87	0.26317427
0.83	0.3989966
0.84	0.33212358
0.85	0.379267
0.85	0.316896
0.83	0.2937478
0.79	0.3959913
0.79	0.35831013
0.83	0.37580597
0.92	0.28688473
0.88	0.27105942
0.86	0.31868446
0.82	0.37089047
0.81	0.38164592
0.83	0.422545
0.84	0.365152
0.89	0.24164568
0.9	0.28477228
0.79	0.43206346
0.83	0.36397415
0.84	0.2648633
0.85	0.2625098
0.86	0.31034106
0.84	0.31648457
0.89	0.3207584
0.88	0.26783818
0.86	0.33113858
0.89	0.23633812
0.83	0.34707642
0.86	0.31147546
0.87	0.3133916
0.89	0.25342685
0.79	0.3654084
0.9	0.26288152
0.88	0.3081571
0.82	0.3947774
0.92	0.21828856
0.9	0.3219432
0.88	0.28974786
0.89	0.27626044
0.84	0.3521823
0.84	0.35776314
0.89	0.30420497
0.79	0.37246186
0.88	0.31078753
0.87	0.32184094
0.87	0.29313883
0.88	0.26991665
0.92	0.29325485
0.87	0.2536125
0.9	0.28675184
0.82	0.39500037
0.92	0.24962564
0.85	0.31813413
0.87	0.29933414
0.85	0.28876185
0.83	0.3419973
0.83	0.33519387
0.9	0.270908
0.86	0.30026662
0.81	0.3657533
0.87	0.3010709
0.8	0.35853738
0.78	0.38962463
0.83	0.34505123
0.89	0.27713186
0.83	0.42555654
0.83	0.3248257
0.89	0.2678803
0.88	0.3376683
0.82	0.34915295
0.83	0.3038794
0.83	0.32615888
0.77	0.38957626
0.83	0.39099643
0.88	0.2943017
0.85	0.35752204
0.85	0.30363107
0.84	0.28413463
0.85	0.32725373
0.85	0.3800219
0.88	0.30112052
0.88	0.29871753
0.9	0.2990442
0.89	0.25321785
0.85	0.36092582
0.89	0.29352742
0.83	0.32682168
0.86	0.27363023
0.86	0.30666354
0.82	0.31667957
0.81	0.37372094
0.88	0.29802883
0.87	0.34581733
0.88	0.21571375
0.88	0.33561245
0.82	0.36944944
0.78	0.3806778
0.86	0.22878426
0.86	0.29982448
0.85	0.33386818
0.84	0.42827988
0.84	0.31670964
0.9	0.28610057
0.8	0.3774513
0.83	0.34495842
0.84	0.2792461
0.88	0.25817174
0.82	0.37020996
0.81	0.41491485
0.87	0.32465538
0.8	0.39300376
0.87	0.30630088
0.86	0.29738918
0.84	0.33595508
0.85	0.3207087
0.8	0.45006984
0.84	0.31599244
0.87	0.31252077
0.82	0.3280697
0.79	0.45213714
0.87	0.32374305
0.84	0.2736914
0.87	0.28183112
0.85	0.3100299
0.87	0.34092754
0.82	0.30638748
0.75	0.41147393
0.8	0.34326065
0.86	0.3128095
0.84	0.32101062
0.88	0.2569811
0.86	0.3453262
0.81	0.37613267
0.86	0.36616406
0.82	0.36056215
0.8	0.35212192
0.86	0.3023629
0.83	0.34437343
0.87	0.2740089
0.88	0.2832732
0.89	0.24418695
0.88	0.36312786
0.93	0.22504371
0.81	0.38542202
0.89	0.30612814
0.84	0.34447324
0.87	0.31878173
0.87	0.31084532
0.82	0.36551085
0.89	0.2601113
0.89	0.27141562
0.83	0.31840694
0.86	0.3737533
0.85	0.3084503
0.9	0.24256212
0.88	0.26170594
0.88	0.31297722
0.86	0.28303716
0.83	0.30340606
0.83	0.38791618
0.88	0.3281193
0.85	0.3823629
0.86	0.33517915
0.86	0.31815642
0.89	0.2704637
0.9	0.25745383
0.88	0.28198346
0.91	0.2975675
0.81	0.3880381
0.84	0.3304582
0.88	0.3020473
0.88	0.3166479
0.84	0.35439748
0.84	0.34120074
0.86	0.2813815
0.82	0.36966175
0.85	0.34384114
0.87	0.2934004
0.85	0.3119167
0.8	0.47991765
0.85	0.3189372
0.86	0.34621704
0.87	0.2657375
0.84	0.2894375
0.82	0.35080627
0.87	0.31177005
0.81	0.3570287
0.8	0.38463047
0.9	0.2397074
0.87	0.32209456
0.75	0.42850208
0.85	0.3009567
0.84	0.30033824
0.81	0.43044814
0.85	0.3458323
0.87	0.3606516
0.81	0.36415255
0.87	0.33102554
0.83	0.32783976
0.88	0.30031785
0.89	0.2665514
0.83	0.3738906
0.88	0.25832847
0.88	0.24106024
0.87	0.26995382
0.83	0.39373627
0.81	0.36507508
0.83	0.33821404
0.86	0.2770518
0.81	0.4516686
0.85	0.3108205
0.87	0.28039268
0.87	0.25916666
0.85	0.2991016
0.9	0.27029932
0.88	0.27487275
0.91	0.21509182
0.87	0.30738866
0.82	0.34034255
0.85	0.26958823
0.82	0.32723317
0.82	0.35605916
0.87	0.30469
0.87	0.33572945
0.79	0.422099
0.78	0.5062253
0.84	0.31954658
0.89	0.24465425
0.9	0.27829862
0.84	0.31550682
0.85	0.35197014
0.85	0.31215158
0.89	0.2531916
0.84	0.36491364
0.89	0.275163
0.89	0.2497663
0.89	0.26945746
0.89	0.26247504
0.83	0.35327464
0.84	0.33880252
0.9	0.2633603
0.87	0.33122203
0.86	0.2690968
0.89	0.25599313
0.86	0.36041093
0.8	0.3534111
0.85	0.31627446
0.85	0.34425262
0.8	0.3927443
0.85	0.30806285
0.92	0.28295958
0.85	0.36210215
0.81	0.38998753
0.93	0.2484611
0.84	0.2976967
0.84	0.3526174
0.83	0.32728055
0.92	0.23752552
0.91	0.26872113
0.85	0.32958886
0.91	0.2869582
0.83	0.32434785
0.86	0.31724417
0.81	0.39433116
0.8	0.34899643
0.88	0.31241035
0.87	0.27512363
0.81	0.30190134
0.86	0.27973744
0.88	0.32156113
0.84	0.31194928
0.85	0.30452028
0.86	0.30419347
0.85	0.28013977
0.82	0.3512913
0.89	0.23117524
0.83	0.38134503
0.9	0.27828923
0.85	0.31336328
0.85	0.32069695
0.89	0.31068805
0.88	0.25861087
0.8	0.42605165
0.79	0.43341136
0.89	0.29385746
0.86	0.39981076
0.9	0.25599626
0.85	0.34414512
0.82	0.3471791
0.87	0.2775878
0.88	0.2652526
0.87	0.26536578
0.85	0.38595676
0.76	0.45685363
0.81	0.37210727
0.9	0.28340814
0.82	0.36843434
0.85	0.30455333
0.84	0.3383757
0.83	0.29733536
0.89	0.27836722
0.85	0.31528428
0.93	0.27354974
0.85	0.335483
0.81	0.36510417
0.85	0.29260546
0.82	0.29994714
0.91	0.24693535
0.9	0.27433443
0.82	0.32769635
0.81	0.40282708
0.81	0.33249024
0.8	0.40395945
0.88	0.25979784
0.85	0.32347718
0.86	0.30355403
0.85	0.36668366
0.85	0.35503724
0.86	0.32143024
0.91	0.26891774
0.82	0.32084045
0.9	0.25759017
0.9	0.22954915
0.82	0.38975036
0.86	0.31485125
0.84	0.38401818
0.86	0.3040368
0.86	0.28041595
0.86	0.3523606
0.87	0.3300419
0.85	0.33645114
0.88	0.25021324
0.88	0.31912816
0.88	0.33155248
0.86	0.294011
0.81	0.3725372
0.87	0.30750972
0.89	0.28548375
0.88	0.32324204
0.82	0.32333174
0.84	0.3942846
0.85	0.33768654
0.89	0.2835096
0.85	0.2712714
0.88	0.315819
0.84	0.33601514
0.86	0.29261392
0.83	0.2934643
0.88	0.32184973
0.9	0.28003314
0.85	0.28617138
0.86	0.316287
0.9	0.28779218
0.86	0.28632888
0.85	0.40423948
0.83	0.3337802
0.83	0.31160262
0.92	0.23308954
0.84	0.31567305
0.82	0.30843195
0.9	0.26563406
0.84	0.3075066
0.89	0.27334678
0.88	0.31386203
0.86	0.29189613
0.82	0.27196935
0.87	0.29924178
0.85	0.3191693
0.8	0.36810273
0.85	0.31316268
0.87	0.37153122
0.8	0.40560615
0.89	0.31288564
0.89	0.25738856
0.88	0.2887955
0.81	0.39897576
0.88	0.29471517
0.89	0.28817758
0.8	0.39312917
0.87	0.29796883
0.85	0.32485947
0.79	0.35278213
0.82	0.33753473
0.88	0.2693854
0.86	0.2932181
0.82	0.36873302
0.88	0.2731815
0.92	0.24542657
0.82	0.32106313
0.97	0.16975285
0.88	0.28852424
0.85	0.318855
0.88	0.2752946
0.85	0.2788623
0.84	0.31603104
0.89	0.2642065
0.83	0.36357796
0.83	0.3074609
0.88	0.2544482
0.9	0.25935525
0.93	0.24669798
0.89	0.26608142
0.91	0.23434925
0.9	0.27917355
0.84	0.34090328
0.85	0.3629304
0.86	0.27095637
0.84	0.3782681
0.88	0.28413203
0.85	0.30071822
0.83	0.35113007
0.9	0.31619936
0.84	0.3558475
0.91	0.22286136
0.82	0.37534124
0.9	0.26108393
0.85	0.30183086
0.9	0.26908815
0.85	0.29062515
0.87	0.31220224
0.84	0.3108947
0.86	0.32700473
0.87	0.29855397
0.85	0.27635282
0.83	0.36093518
0.88	0.27497432
0.92	0.24372235
0.87	0.34123108
0.83	0.44777036
0.84	0.30635583
0.88	0.32320312
0.79	0.31520638
0.83	0.2949265
0.83	0.29790956
0.82	0.3431316
0.85	0.29588315
0.84	0.31565225
0.85	0.3494891
0.88	0.28523812
0.86	0.3407593
0.86	0.3369143
0.86	0.28466952
0.82	0.32929412
0.89	0.27814248
0.81	0.42569295
0.82	0.36708477
0.89	0.29369065
0.86	0.33517084
0.88	0.25232556
0.81	0.41767362
0.86	0.30667168
0.87	0.24822801
0.84	0.29494038
0.84	0.31357706
0.86	0.2987362
0.79	0.42121375
0.85	0.37019134
0.85	0.37647966
0.84	0.34637067
0.89	0.26729763
0.87	0.3163881
0.79	0.40638378
0.86	0.35973784
0.86	0.3083144
0.88	0.30466425
0.9	0.2508557
0.87	0.30529124
0.86	0.31799868
0.84	0.31931335
0.85	0.30462018
0.91	0.2723702
0.91	0.2367754
0.9	0.26905683
0.76	0.41967273
0.9	0.27441347
0.88	0.2994695
0.88	0.27867866
0.81	0.31217673
0.85	0.2891942
0.82	0.34592178
0.82	0.3635769
0.83	0.3521388
0.88	0.31001416
0.87	0.36344546
0.92	0.2688142
0.86	0.28844464
0.88	0.2618136
0.85	0.3116482
0.82	0.37031642
0.86	0.26979935
0.88	0.2697236
0.8	0.3179508
0.86	0.34321868
0.91	0.28074935
0.77	0.47713742
0.9	0.27289623
0.86	0.30927777
0.87	0.26718915
0.78	0.41585907
0.87	0.30269203
0.84	0.37987268
0.82	0.41473183
0.83	0.3192372
0.91	0.28379804
0.87	0.35534942
0.9	0.2946935
0.79	0.3970891
0.9	0.24167776
0.87	0.2747324
0.78	0.37770575
0.82	0.38134098
0.87	0.2890542
0.87	0.3017879
0.87	0.27542272
0.83	0.34160754
0.9	0.27097636
0.88	0.26992983
0.89	0.23725933
0.88	0.22186789
0.84	0.31817606
0.86	0.3018325
0.84	0.45086682
0.95	0.22182623
0.9	0.2856601
0.86	0.2924305
0.91	0.26468748
0.87	0.28150108
0.9	0.24524955
0.83	0.40361735
0.79	0.3276974
0.84	0.29897565
0.85	0.30656895
0.89	0.27089012
0.83	0.3432638
0.93	0.23359312
0.86	0.36567506
0.83	0.3346718
0.86	0.29892385
0.83	0.37615597
0.77	0.39220765
0.84	0.3055914
0.89	0.24798483
0.92	0.26526678
0.88	0.27791747
0.84	0.3778169
0.89	0.23640655
0.9	0.23671183
0.93	0.23792769
0.87	0.30275077
0.86	0.29301518
0.86	0.28569898
0.92	0.22324726
0.84	0.33532655
0.82	0.35365555
0.89	0.2656415
0.82	0.31592134
0.83	0.3614285
0.79	0.3664443
0.89	0.26875582
0.84	0.32351816
0.78	0.36735362
0.9	0.26577118
0.86	0.35758933
0.88	0.24370897
0.87	0.30864036
0.8	0.4634173
0.85	0.303738
0.83	0.34605765
0.84	0.35042235
0.88	0.29811946
0.88	0.27061164
0.82	0.30973527
0.85	0.28560004
0.81	0.39042693
0.9	0.27667928
0.83	0.33862236
0.88	0.28468376
0.81	0.34601948
0.83	0.35480317
0.87	0.24871296
0.89	0.2699168
0.87	0.34198675
0.89	0.31615558
0.92	0.25940776
0.84	0.3493106
0.87	0.29229575
0.83	0.34603477
0.81	0.34938663
0.83	0.315091
0.86	0.287956
0.84	0.27783385
0.9	0.1976678
0.85	0.34106755
0.91	0.29193568
0.84	0.3351958
0.84	0.34300944
0.83	0.32186127
0.9	0.27109104
0.8	0.37124687
0.88	0.3023159
0.89	0.25087568
0.86	0.30714923
0.83	0.37455696
0.84	0.3380687
0.9	0.32563633
0.9	0.3312852
0.79	0.4958508
0.83	0.31118792
0.86	0.32574338
0.86	0.33248332
0.83	0.4412688
0.9	0.29385856
0.83	0.29904097
0.86	0.28228492
0.91	0.30169606
0.87	0.32475168
0.89	0.29777423
0.86	0.2918537
0.84	0.30909094
0.8	0.36722773
0.83	0.34077156
0.86	0.35253632
0.89	0.2871167
0.88	0.33566383
0.91	0.26925513
0.87	0.3600918
0.81	0.3471073
0.86	0.26664865
0.91	0.2927562
0.85	0.28740233
0.82	0.34834456
0.94	0.21012926
0.93	0.21521614
0.82	0.38906857
0.82	0.3408409
0.84	0.3209837
0.84	0.27853402
0.9	0.23698059
0.89	0.24483362
0.84	0.31467324
0.77	0.4072338
0.84	0.36743268
0.87	0.24223205
0.89	0.28604078
0.85	0.30917367
0.87	0.29590833
0.88	0.31261405
0.91	0.26407892
0.87	0.25397357
0.92	0.22654091
0.82	0.41402465
0.89	0.24836388
0.91	0.27654794
0.82	0.4141279
0.83	0.34016252
0.83	0.34769034
0.84	0.40701234
0.86	0.29603788
0.87	0.3274078
0.86	0.34566963
0.91	0.25884986
0.9	0.22174376
0.86	0.25273934
0.86	0.27680817
0.87	0.26179966
0.83	0.39113626
0.87	0.28759724
0.84	0.3473035
0.86	0.36794373
0.85	0.32143348
0.85	0.36358932
0.84	0.3353818
0.87	0.29892093
0.9	0.2635822
0.92	0.21619736
0.88	0.27240545
0.9	0.25713494
0.86	0.33190376
0.91	0.2633941
0.83	0.34189242
0.87	0.28944373
0.88	0.277858
0.83	0.34907794
0.89	0.31982544
0.87	0.291012
0.84	0.34943774
0.89	0.27168044
0.85	0.35525236
0.84	0.3451443
0.86	0.346939
0.89	0.27403402
0.83	0.36671448
0.87	0.36406758
0.89	0.28514567
0.88	0.28847352
0.81	0.38766116
0.87	0.31133723
0.89	0.2735976
0.87	0.28265607
0.86	0.30997634
0.89	0.26772162
0.87	0.29202947
0.86	0.27394897
0.85	0.3567318
0.81	0.34679696
0.84	0.37044704
0.83	0.32814303
0.87	0.29143783
0.79	0.37632903
0.83	0.39434102
0.83	0.40013087
0.88	0.33792907
0.88	0.32612503
0.87	0.2834379
0.88	0.28251752
0.84	0.3786114
0.86	0.32310283
0.89	0.29794848
0.84	0.33015105
0.86	0.34305713
0.86	0.30945176
0.94	0.25074276
0.87	0.30423918
0.92	0.23914173
0.85	0.35841188
0.91	0.20812893
0.85	0.31738484
0.81	0.35242882
0.85	0.2850528
0.85	0.32835716
0.88	0.29202914
0.8	0.35424215
0.85	0.34255317
0.86	0.27705327
0.8	0.43044052
0.88	0.3039097
0.88	0.30785838
0.82	0.2965144
0.87	0.29674897
0.86	0.36169183
0.9	0.27898636
0.84	0.310732
0.9	0.26199484
0.92	0.20287411
0.84	0.2907189
0.83	0.35517365
0.97	0.17560264
0.81	0.41302726
0.9	0.27889493
0.82	0.33932534
0.77	0.40535003
0.85	0.37201893
0.89	0.28807414
0.91	0.34305623
0.89	0.27681246
0.86	0.30394202
0.86	0.35162112
0.85	0.30310726
0.88	0.3083968
0.84	0.3074009
0.83	0.38245
0.88	0.27395013
0.85	0.33979034
0.82	0.31736916
0.84	0.3455853
0.85	0.3088029
0.82	0.32904053
0.84	0.31753016
0.9	0.26055402
0.85	0.34450507
0.9	0.22169143
0.82	0.38730767
0.86	0.25588858
0.87	0.25834823
0.93	0.2140855
0.86	0.35487098
0.87	0.32137534
0.86	0.32726833
0.88	0.2600979
0.89	0.21985702
0.78	0.42595866
0.9	0.2673152
0.88	0.3235494
0.85	0.31183365
0.89	0.28945118
0.91	0.23213534
0.84	0.31922814
0.86	0.3121486
0.9	0.24319401
0.88	0.28533027
0.93	0.21265648
0.85	0.32227218
0.97	0.19083494
0.89	0.31920007
0.82	0.37020463
0.83	0.29362988
0.89	0.2606653
0.82	0.34146672
0.84	0.3111566
0.92	0.24119312
0.9	0.24112484
0.82	0.41135913
0.85	0.28270766
0.87	0.25975278
0.86	0.29643247
0.91	0.24573535
0.9	0.28458947
0.91	0.28617284
0.86	0.28514588
0.86	0.34970096
0.87	0.28536078
0.89	0.27163345
0.89	0.26801097
0.87	0.27270976
0.84	0.28649184
0.92	0.19159569
0.87	0.31659192
0.91	0.24346781
0.85	0.3776932
0.93	0.22440338
0.84	0.3589409
0.87	0.32091087
0.89	0.25580055
0.85	0.27729973
0.9	0.21862741
0.87	0.25266233
0.83	0.28069252
0.84	0.35695514
0.88	0.26203758
0.83	0.35450318
0.84	0.3825549
0.88	0.26385227
0.88	0.26521033
0.9	0.28317538
0.88	0.29417154
0.91	0.24054441
0.89	0.29274458
0.87	0.29416385
0.88	0.2687458
0.87	0.26227012
0.85	0.26849893
0.85	0.3953341
0.9	0.25201234
0.87	0.34489945
0.9	0.27149388
0.82	0.30833656
0.79	0.38458833
0.86	0.35043085
0.83	0.31711724
0.84	0.3089854
0.84	0.3247578
0.92	0.2457693
0.9	0.2592515
0.85	0.31787854
0.89	0.27262363
0.93	0.21361993
0.88	0.27938136
0.87	0.24678978
0.78	0.36878368
0.86	0.33404365
0.77	0.37235987
0.92	0.26343706
0.89	0.26301387
0.83	0.29389936
0.87	0.30816257
0.89	0.3174691
0.86	0.28186402
0.92	0.27677464
0.87	0.28915042
0.89	0.27860317
0.84	0.33939064
0.82	0.3378607
0.9	0.26643416
0.85	0.32652676
0.87	0.25941598
0.83	0.43865147
0.89	0.24578665
0.83	0.37143826
0.86	0.32692367
0.88	0.24623482
0.83	0.36939734
0.82	0.35504285
0.86	0.35010314
0.92	0.26055747
0.81	0.43456906
0.91	0.21994987
0.79	0.36456218
0.83	0.32369554
0.88	0.25230157
0.8	0.40778992
0.8	0.38349187
0.84	0.30750638
0.83	0.31979054
0.89	0.2628833
0.81	0.42202368
0.82	0.34093738
0.85	0.31619754
0.84	0.30153504
0.85	0.33289704
0.84	0.31001344
0.85	0.36424482
0.81	0.34872222
0.89	0.30319652
0.84	0.36651778
0.84	0.3098769
0.89	0.28811553
0.9	0.25172776
0.9	0.26696718
0.88	0.2724791
0.83	0.29662758
0.86	0.3254711
0.87	0.37391374
0.93	0.2536889
0.87	0.27781796
0.83	0.33458084
0.84	0.3049699
0.84	0.3272036
0.88	0.29020014
0.89	0.25264934
0.75	0.4938192
0.84	0.41621408
0.84	0.32496417
0.89	0.30536216
0.81	0.39639938
0.87	0.2922077
0.9	0.33727348
0.88	0.2890955
0.83	0.34015182
0.82	0.2825257
0.87	0.32454202
0.89	0.3201791
0.88	0.2829224
0.86	0.28977722
0.86	0.31295907
0.83	0.34561625
0.87	0.28943554
0.91	0.24968928
0.82	0.38484603
0.86	0.3100719
0.87	0.2840303
0.88	0.26917082
0.78	0.43227768
0.84	0.34081498
0.86	0.36354455
0.87	0.29513335
0.84	0.32922593
0.9	0.2534304
0.84	0.3055002
0.87	0.28822887
0.82	0.3326984
0.9	0.26749086
0.9	0.24523067
0.86	0.33795798
0.87	0.29747823
0.85	0.29827684
0.88	0.3005176
0.85	0.26476538
0.9	0.24380867
0.87	0.28472745
0.87	0.3109581
0.82	0.37810704
0.87	0.24983013
0.88	0.33741486
0.87	0.28078836
0.9	0.26018757
0.93	0.27498513
0.85	0.34561875
0.83	0.4067713
0.87	0.31932527
0.86	0.31711873
0.88	0.31066746
0.84	0.37996656
0.88	0.26339296
0.83	0.3660987
0.84	0.3822467
0.86	0.31038436
0.92	0.24832945
0.91	0.277563
0.88	0.30671817
0.88	0.25380403
0.88	0.30021486
0.79	0.42610458
0.85	0.2823482
0.9	0.23258531
0.87	0.30300674
0.83	0.32000282
0.88	0.32555512
0.86	0.29777396
0.92	0.24408002
0.84	0.32475433
0.86	0.29989007
0.89	0.290543
0.94	0.2285216
0.88	0.27489617
0.84	0.33079088
0.84	0.32015634
0.9	0.25806627
0.9	0.2529167
0.82	0.31125334
0.91	0.22806929
