0.9	0.31535533
0.855	0.33545777
0.8566667	0.3455423
0.875	0.27057502
0.882	0.26106983
0.89	0.2095356
0.88714284	0.3545701
0.8775	0.46339893
0.8755556	0.32540858
0.877	0.18932484
0.8772727	0.27545875
0.87833333	0.2762328
0.88	0.22857693
0.87785715	0.32981148
0.87733334	0.26515388
0.87875	0.24812229
0.87647057	0.3303442
0.87666667	0.31111377
0.87473685	0.35853577
0.8735	0.27021626
0.87333333	0.2870703
0.87454545	0.27017605
0.87652177	0.216847
0.8775	0.2894572
0.8768	0.3564957
0.8776923	0.1859449
0.87814814	0.2764797
0.87714285	0.31468236
0.87655175	0.25810587
0.8756667	0.31362224
0.8764516	0.21021454
0.8771875	0.20746805
0.8757576	0.40741974
0.87558824	0.25490248
0.876	0.31076363
0.8755556	0.2643773
0.8748649	0.33990332
0.8734211	0.34249526
0.87333333	0.25236067
0.87375	0.2290129
0.87390244	0.29962385
0.87285715	0.37874067
0.8723256	0.31259468
0.8725	0.29682824
0.87266666	0.26425025
0.8721739	0.35035923
0.8731915	0.29940045
0.87354165	0.29606315
0.87306124	0.30177352
0.8718	0.33530495
0.87196076	0.25705037
0.8723077	0.27430716
0.87226415	0.40753973
0.87222224	0.26638213
0.8727273	0.23386525
0.87285715	0.2773637
0.87333333	0.2115357
0.8725862	0.353782
0.8732203	0.23135272
0.87233335	0.37430146
0.8719672	0.30714715
0.8714516	0.30058506
0.87142855	0.26916564
0.8721875	0.24380659
0.8730769	0.25847688
0.8728788	0.29739058
0.87298506	0.25663275
0.8727941	0.2377748
0.8727536	0.28423294
0.8724286	0.315397
0.87225354	0.28929585
0.87319446	0.22397928
0.8732877	0.29552892
0.87378377	0.30346176
0.87413335	0.34049228
0.8744737	0.23651248
0.8751948	0.24861252
0.8753846	0.26937944
0.8750633	0.26085252
0.875375	0.21286254
0.8751852	0.23196138
0.87487805	0.2629666
0.8751807	0.27479315
0.87583333	0.1684939
0.876	0.22739096
0.87604654	0.23593536
0.8762069	0.31420177
0.8764773	0.30125228
0.8765169	0.27285123
0.8761111	0.29155752
0.8764835	0.23283789
0.87706524	0.22755465
0.87784946	0.1912723
0.87787235	0.2265198
0.87842107	0.19533868
0.8784375	0.29432154
0.8780412	0.2928022
0.87806123	0.33374503
0.8779798	0.31472576
0.8783	0.28280064
0.8781188	0.27682635
0.87803924	0.29591057
0.87834954	0.25294498
0.87817305	0.2882323
0.8782857	0.27328074
0.8783962	0.2931966
0.8783178	0.2675188
0.8788889	0.2337799
0.87880737	0.3115217
0.879	0.25115752
0.87891895	0.3633238
0.8791071	0.19173168
0.8789381	0.31882578
0.8787719	0.29213578
0.87904346	0.25072566
0.87905174	0.25544608
0.8789744	0.3248001
0.8779661	0.40093365
0.87806726	0.3094445
0.8779167	0.29575604
0.8781818	0.30855176
0.8785246	0.2440157
0.8780488	0.32107064
0.87814516	0.27283835
0.87808	0.33291963
0.8775397	0.3979901
0.87732285	0.37943637
0.87726563	0.3711536
0.8774419	0.24129622
0.8773846	0.28107128
0.8774809	0.20147866
0.87704545	0.4537815
0.8760902	0.49237278
0.87544775	0.37910149
0.8756296	0.2340819
0.8757353	0.2780182
0.8758394	0.2769334
0.8763768	0.24566188
0.8763309	0.29041743
0.87635714	0.2712498
0.87666667	0.24805357
0.87704223	0.2522105
0.876993	0.26771447
0.87666667	0.41330346
0.8766897	0.23449467
0.8769863	0.16938934
0.87693876	0.2933301
0.87709457	0.3066066
0.8771141	0.31002095
0.87733334	0.20859574
0.87774837	0.18771942
0.8780263	0.18279353
0.87784314	0.2737359
0.87785715	0.2632323
0.877871	0.23987804
0.8778205	0.25299233
0.87821656	0.15834738
0.8781645	0.2588596
0.87830186	0.3397998
0.87825	0.25373563
0.87844723	0.3094491
0.8784568	0.28372863
0.8782822	0.29589248
0.87835366	0.29335755
0.87848485	0.21321258
0.8786145	0.236947
0.87856287	0.27195138
0.87875	0.2740164
0.87887573	0.2973272
0.878647	0.2692772
0.8785965	0.23014708
0.87860465	0.19993518
0.8784971	0.32008645
0.87850577	0.2611183
0.8782857	0.34535035
0.8783523	0.2151925
0.87870055	0.19808334
0.87882024	0.2649872
0.87860334	0.28499812
0.87844443	0.44352734
0.8785635	0.32117814
0.87873626	0.25721124
0.87863386	0.30641285
0.8784783	0.27369136
0.8784865	0.20998281
0.8783871	0.25431168
0.87850267	0.24413672
0.8787234	0.19944932
0.8789947	0.21879621
0.87921053	0.24108538
0.87931937	0.22882906
0.87947917	0.26901284
0.8795337	0.2733356
0.87974226	0.21265015
0.8796923	0.33244
0.8797959	0.26593196
0.8799492	0.21226951
0.8801515	0.22060688
0.8802512	0.20944528
0.8803	0.26974753
0.8805473	0.21876921
0.8804951	0.25860336
0.88054186	0.23702766
0.8808333	0.19826691
0.88102436	0.30569
0.8806796	0.4168649
0.8805797	0.24358642
0.88052887	0.28144363
0.8803349	0.38187408
0.8802381	0.23494057
0.880237	0.27620494
0.8801887	0.24455827
0.8799061	0.42500806
0.8795794	0.4580506
0.87944186	0.29588193
0.87912035	0.34756085
0.8794009	0.25503245
0.8792202	0.3397683
0.8792694	0.3542677
0.8792273	0.26128277
0.87927604	0.25808188
0.87927926	0.26278636
0.87941706	0.25558162
0.87964284	0.19566189
0.87964445	0.27153993
0.8797345	0.19094475
0.87964755	0.31219426
0.87960523	0.26655057
0.87982535	0.19812763
0.8797826	0.27063257
0.8801299	0.13457835
0.8800431	0.32340482
0.88017166	0.2863247
0.8803419	0.22445665
0.8805532	0.14690085
0.88033897	0.4490189
0.88033754	0.27276215
0.8802521	0.27033138
0.88033473	0.23680818
0.8803333	0.25149882
0.88033193	0.27916622
0.8803719	0.21639116
0.88024694	0.27639797
0.8802049	0.25232556
0.8802041	0.25925714
0.8801626	0.28158638
0.88004047	0.21711996
0.88	0.25769553
0.88004017	0.22190675
0.88024	0.22935514
0.8801195	0.27487242
0.88	0.28086922
0.8801581	0.22421218
0.8802756	0.199456
0.8804706	0.18194973
0.8805859	0.29382792
0.88062257	0.28676942
0.8806589	0.28815007
0.8805792	0.32129303
0.8803462	0.44667438
0.88030654	0.28066263
0.88007635	0.41108745
0.87996197	0.27021065
0.8797727	0.34394112
0.87981135	0.26904014
0.87958646	0.26758006
0.87947565	0.30052596
0.8793657	0.31853238
0.8794795	0.24859667
0.8796667	0.24651659
0.8795203	0.27711505
0.8795956	0.2562575
0.87948716	0.28402683
0.87948906	0.28222293
0.8797455	0.18749788
0.87971014	0.24196573
0.8798556	0.1516076
0.8797122	0.2658087
0.87971324	0.26330766
0.87960714	0.30531314
0.8797509	0.21830016
0.8796454	0.25863427
0.87957597	0.25600794
0.87947184	0.34252423
0.8793333	0.3174527
0.8793706	0.29616988
0.87933797	0.40349576
0.87947917	0.18555993
0.8795156	0.30497754
0.87948275	0.2769226
0.879622	0.21387559
0.87976027	0.25222236
0.87948805	0.36408713
0.87962586	0.293168
0.87955934	0.32915664
0.87969595	0.2609888
0.8795623	0.3846211
0.87973154	0.21763018
0.8796321	0.31215304
0.8796667	0.28182054
0.8797342	0.28267163
0.8797682	0.2853443
0.879835	0.29797488
0.8800658	0.16888314
0.8801639	0.24711409
0.88009804	0.27509475
0.88009775	0.25642926
0.8800325	0.308979
0.8800647	0.23665866
0.88019353	0.18901595
0.88022506	0.20508876
0.8802885	0.24456017
0.88022363	0.32934192
0.8801911	0.29400364
0.8801905	0.24919079
0.8803481	0.22111034
0.88022083	0.3609789
0.88034594	0.28321552
0.8805956	0.20555347
0.88065624	0.19819611
0.8805296	0.42045453
0.8805901	0.18216874
0.8804644	0.30205962
0.88043207	0.23053144
0.8804615	0.2899603
0.8804908	0.25739074
0.8806728	0.25103545
0.8805488	0.25759983
0.8806687	0.2464832
0.8805758	0.3733376
0.88069487	0.2047023
0.8806928	0.27957404
0.8807508	0.31649345
0.8806587	0.26351693
0.88074625	0.19785458
0.8808036	0.25963596
0.8808309	0.20465524
0.8810355	0.16664223
0.881062	0.27058503
0.88111764	0.23007898
0.88111436	0.35883558
0.8811696	0.2859109
0.88110787	0.30704108
0.88125	0.29818076
0.88133335	0.23480627
0.8811561	0.35256636
0.881268	0.22121643
0.88143677	0.18602993
0.88143265	0.28009942
0.8814	0.31417385
0.8813675	0.30023247
0.88136363	0.2697312
0.88141644	0.33035672
0.88146895	0.2395487
0.88140845	0.2520646
0.88126403	0.30850038
0.88131654	0.22940971
0.88148046	0.19659446
0.8815599	0.2136185
0.8816389	0.26294228
0.88163435	0.2666516
0.8816298	0.27837119
0.88151515	0.33356094
0.881511	0.26848587
0.88150686	0.30034143
0.88163936	0.16651505
0.88144416	0.42396042
0.8814674	0.21030356
0.8814905	0.2958751
0.8814865	0.26655576
0.8814016	0.29578444
0.8814247	0.266557
0.88144773	0.28263906
0.88144386	0.27938807
0.88152	0.22713362
0.8816223	0.20800802
0.8815915	0.29551342
0.8816402	0.24170242
0.8816095	0.27964526
0.8816579	0.20225851
0.8816273	0.2797605
0.88159686	0.23147322
0.8816971	0.22219557
0.8817969	0.18269607
0.8817403	0.21462367
0.88178754	0.21986616
0.8820155	0.13326854
0.8819072	0.3653761
0.8818509	0.38755527
0.88189745	0.28846073
0.88194376	0.19238916
0.8820663	0.13635303
0.8820865	0.2645885
0.8820051	0.2506157
0.88194937	0.28144234
0.8821465	0.19089113
0.8820907	0.2804006
0.8821357	0.23115411
0.88215536	0.30406848
0.88235	0.1575156
0.8822444	0.38307405
0.8821642	0.39161736
0.88223326	0.22735825
0.88225245	0.26262832
0.8821728	0.27699825
0.882069	0.39411327
0.8821867	0.19715242
0.8822794	0.22824949
0.88237166	0.23093475
0.88231707	0.24584696
0.8823601	0.30888617
0.88237864	0.22702809
0.8825182	0.2211793
0.88246375	0.28731304
0.88248193	0.25875527
0.8826202	0.22479141
0.88268584	0.2908213
0.8826555	0.23333424
0.8826969	0.26945388
0.8827143	0.26976615
0.8827316	0.27133143
0.8827962	0.224758
0.8827896	0.28134444
0.88287735	0.21139492
0.88291764	0.20365259
0.88295776	0.24880695
0.88297427	0.19376345
0.883014	0.2516647
0.8830303	0.2741665
0.883093	0.22723429
0.88310903	0.2969122
0.8831019	0.3003709
0.88309467	0.21952581
0.8830645	0.27104646
0.8830805	0.20013382
0.88318807	0.25178406
0.883135	0.30915314
0.88312787	0.318678
0.8830524	0.35469627
0.88297725	0.32768518
0.88285714	0.33878323
0.8829412	0.24582054
0.8830248	0.23153386
0.8831081	0.2152911
0.8831011	0.23427139
0.8830493	0.2847899
0.8830873	0.24569443
0.88308036	0.23389965
0.8830735	0.21427183
0.88328886	0.12748112
0.88339245	0.20244819
0.88340706	0.33559978
0.8833775	0.27461308
0.8832599	0.36063123
0.88327473	0.2364479
0.8833991	0.1659441
0.8833917	0.28315124
0.8834934	0.1895388
0.88359475	0.20060553
0.88363045	0.22279353
0.8836876	0.20779812
0.88383114	0.15251686
0.8838229	0.25594485
0.88375	0.25410143
0.8837419	0.3038609
0.88377196	0.15052058
0.8837853	0.3107676
0.88382	0.20929833
0.8837691	0.28853357
0.8836332	0.34675148
0.883668	0.24718024
0.8836602	0.30546272
0.8836948	0.25623184
0.88366586	0.26345408
0.8837425	0.20965056
0.88383985	0.23613358
0.8839368	0.21225168
0.8840753	0.16573791
0.8840877	0.22707705
0.88407916	0.24807142
0.8841123	0.204044
0.883979	0.34835002
0.884033	0.19817345
0.8841075	0.20644005
0.88411963	0.25032356
0.8840493	0.33507988
0.8841027	0.20798272
0.8841764	0.23943654
0.8842293	0.22706644
0.88422066	0.34768987
0.88417125	0.41078195
0.88420343	0.215772
0.88423556	0.27945024
0.8842878	0.21997276
0.88423866	0.32498637
0.8842907	0.23455626
0.8843828	0.21732199
0.8844544	0.2707535
0.8846061	0.20692998
0.8846169	0.22780348
0.8845877	0.32713458
0.8844987	0.39029774
0.8844898	0.29847243
0.88454044	0.18736796
0.88453144	0.31328675
0.8844829	0.26078644
0.88449377	0.24910751
0.88448495	0.23092443
0.8846139	0.19924034
0.8846048	0.26534486
0.884537	0.24082655
0.88454765	0.23820332
0.88444114	0.3743335
0.884413	0.290197
0.8844822	0.26495132
0.88458997	0.21256234
0.88460046	0.2500071
0.8844369	0.39371642
0.8844283	0.27443057
0.88440055	0.245394
0.8844113	0.28882983
0.8844796	0.24779253
0.88452846	0.25588968
0.8845198	0.31207946
0.884473	0.274141
0.8845026	0.25570333
0.88445604	0.34603992
0.8845804	0.2024768
0.8846096	0.25421315
0.8846008	0.29317406
0.88455445	0.24211374
0.884527	0.351498
0.8846125	0.1786427
0.8846601	0.2013754
0.8845765	0.4186196
0.8846427	0.23370947
0.88470864	0.18607101
0.88484883	0.1748572
0.88480264	0.280336
0.88471955	0.33832362
0.8847108	0.2398581
0.8847945	0.18807355
0.88482255	0.26314375
0.8848689	0.19849634
0.88495183	0.21839339
0.88505286	0.21522251
0.88504356	0.29011294
0.8850892	0.2002313
0.88509816	0.2461394
0.88508886	0.26478696
0.8851705	0.19048406
0.885143	0.3729121
0.8851518	0.2821824
0.8851063	0.34610263
0.8851512	0.21383339
0.885196	0.24173833
0.8852226	0.2753942
0.885285	0.18240307
0.88525766	0.3107621
0.8853019	0.23057698
0.8853817	0.19468538
0.8852652	0.40252402
0.88527364	0.23784488
0.88524646	0.2570925
0.8852726	0.21121569
0.8853164	0.24952441
0.8852187	0.33781216
0.88529766	0.20283496
0.88530594	0.22332884
0.88533175	0.21110718
0.8853224	0.23128296
0.88533056	0.22191496
0.8853387	0.21262345
0.8853294	0.2697154
0.885355	0.25296956
0.8853283	0.30960247
0.88538843	0.16238898
0.88541377	0.2976116
0.8854909	0.20059775
0.885585	0.15513277
0.8855582	0.22624253
0.8855486	0.25843188
0.88557345	0.23155962
0.885581	0.22478028
0.8856057	0.25574136
0.88556194	0.338785
0.88555247	0.2504945
0.88556004	0.22587341
0.8855336	0.2840457
0.8855581	0.22885175
0.88549787	0.303164
0.8855393	0.27101666
0.8855806	0.2697113
0.88563865	0.20993744
0.8856292	0.24554436
0.8856029	0.34342942
0.8855767	0.245487
0.8855841	0.21118875
0.88555807	0.30250478
0.8856156	0.2677079
0.88567287	0.22071913
0.8858132	0.16801815
0.8858533	0.19917302
0.8858768	0.21901444
0.88588357	0.24673575
0.88585734	0.32215652
0.88591367	0.17212944
0.88588744	0.23309973
0.88589424	0.32222664
0.8859338	0.2129806
0.8859405	0.20271671
0.8859635	0.19929495
0.8859537	0.19785947
0.8858951	0.28909415
0.88590175	0.27590406
0.8858434	0.34809962
0.8858177	0.316377
0.88584065	0.3279847
0.8859121	0.21180241
0.8859026	0.29920617
0.88584465	0.23800953
0.88578695	0.29739243
0.88580984	0.24023007
0.8858968	0.17112589
0.88585526	0.25774705
0.88581395	0.23043784
0.8857727	0.29962188
0.88579535	0.28420597
0.8858339	0.20666844
0.8858882	0.24201763
0.88591063	0.22522268
0.8859013	0.22257388
0.88598686	0.1613941
0.8859458	0.28490224
0.8859522	0.3667508
0.8859271	0.2716156
0.88590205	0.38026908
0.88593984	0.25619438
0.88597757	0.21141829
0.88595253	0.34992707
0.8860214	0.21315508
0.88612115	0.18735845
