0.485	0.93526596
0.5175	86.85885
0.49	12.078196
0.51375	15.79634
0.514	1.4843836
0.5208333	2.1579342
0.49642858	10.23443
0.509375	1.8884969
0.52111113	1.4703088
0.5205	2.1363075
0.5272727	1.1335199
0.5370833	1.033449
0.53884614	1.188189
0.54321426	1.5321013
0.537	2.5767455
0.5459375	0.7030142
0.5494118	0.90573746
0.55222225	0.72470254
0.55263156	0.7336949
0.5625	0.5151011
0.57214284	0.5131747
0.57954544	0.54038393
0.5854348	0.5705916
0.5935417	0.4930232
0.598	0.52110416
0.60423076	0.46953452
0.6122222	0.4026018
0.6175	0.467042
0.6227586	0.45228535
0.63133335	0.3256156
0.6364516	0.44969323
0.6409375	0.5064543
0.64560604	0.45466736
0.6497059	0.45152688
0.65257144	0.45429036
0.6556944	0.47075233
0.6608108	0.38191232
0.66460526	0.43406925
0.6687179	0.4219909
0.671875	0.4711685
0.6760976	0.3733526
0.6791667	0.43020448
0.6816279	0.45676506
0.6844318	0.48604333
0.6867778	0.43406174
0.6897826	0.43078956
0.6919149	0.44660088
0.69458336	0.4021577
0.6962245	0.45352864
0.6975	0.47352722
0.69960785	0.46441722
0.7017308	0.4275954
0.7033962	0.44488198
0.7052778	0.42907524
0.7071818	0.43175423
0.7089286	0.45292038
0.71026313	0.44939828
0.7124138	0.38797873
0.7142373	0.38401335
0.7165	0.3278969
0.7185246	0.34416118
0.7203226	0.41564065
0.72261906	0.38511375
0.72453123	0.35327733
0.72592306	0.45022818
0.727197	0.4010276
0.7283582	0.4315179
0.7302941	0.3656096
0.7317391	0.3766328
0.7334286	0.37228912
0.7345775	0.40085658
0.7353472	0.43483678
0.7365068	0.3939014
0.73804057	0.32773477
0.7394	0.3736678
0.7404605	0.37875968
0.74155843	0.37535495
0.7427564	0.31500664
0.74341774	0.44765267
0.7446875	0.36799952
0.7462963	0.3165681
0.7470122	0.3589678
0.74807227	0.37089592
0.7492262	0.426131
0.7500588	0.39959276
0.75110465	0.34457657
0.7524138	0.38139123
0.7534091	0.40122187
0.754382	0.33980453
0.7548889	0.40616712
0.7548901	0.43946496
0.75608695	0.3341184
0.7562903	0.4264759
0.7567021	0.3929153
0.7574737	0.39042985
0.7578646	0.41110942
0.7584536	0.39324233
0.75908166	0.40335262
0.759798	0.36068794
0.7609	0.3142371
0.76153463	0.37335327
0.7627451	0.28940523
0.76373786	0.33746183
0.7642308	0.4220061
0.76480955	0.37006864
0.76537734	0.3577916
0.7656542	0.41488612
0.7664352	0.3404473
0.76651376	0.5013041
0.7666818	0.39100015
0.7668919	0.41173926
0.7675	0.40131855
0.7680088	0.3635635
0.76824564	0.41551873
0.7688696	0.37069276
0.76885974	0.43985066
0.76977426	0.32930937
0.76994705	0.43103954
0.7708792	0.3114398
0.77158576	0.36143395
0.7722805	0.3211594
0.7733355	0.28069142
0.7739227	0.3574475
0.77425647	0.43871713
0.77438337	0.48549688
0.77466816	0.38448182
0.7753847	0.32705352
0.7759326	0.3456125
0.77584726	0.43556306
0.7763831	0.36791736
0.77671844	0.34826565
0.7770105	0.3599746
0.7772982	0.34634048
0.7775815	0.40390298
0.778159	0.3518565
0.7785429	0.38185748
0.7791783	0.29585442
0.77969503	0.26889506
0.7800594	0.33306938
0.7805264	0.35224617
0.780951	0.33449838
0.78161776	0.2799943
0.78188795	0.39454144
0.7824689	0.35283193
0.78293765	0.3264598
0.78350335	0.30205235
0.7839587	0.3403018
0.7843737	0.35553288
0.7846143	0.4144458
0.7850865	0.35459176
0.7855191	0.3550946
0.7861777	0.28262487
0.78636724	0.41440308
0.7866196	0.34510863
0.78680384	0.338665
0.7872114	0.31820944
0.7875817	0.35409537
0.7882975	0.29097414
0.78865623	0.3340839
0.78910476	0.32483086
0.78920406	0.44148463
0.7895505	0.32641327
0.78995436	0.3608097
0.7902919	0.389764
0.7905644	0.31987187
0.7908034	0.3789
0.7911899	0.31830058
0.7913923	0.36731514
0.79203856	0.26916087
0.79241097	0.37129402
0.7926908	0.30768377
0.7929382	0.33696806
0.79335696	0.34236386
0.79385763	0.27672246
0.7942089	0.33011693
0.7944705	0.3304236
0.79461545	0.38584337
0.7951824	0.23121512
0.7956026	0.33021966
0.79632527	0.2323795
0.79651225	0.3762142
0.79675245	0.31896394
0.7971548	0.31684482
0.79760736	0.26725194
0.7980278	0.32098234
0.7982276	0.34489086
0.79864025	0.29359683
0.7988613	0.36409843
0.7992928	0.27587143
0.79948163	0.35476035
0.79995793	0.31003982
0.8001675	0.35144475
0.8002968	0.38750306
0.80063194	0.32453874
0.8008348	0.27371526
0.8011381	0.31634834
0.80143833	0.37350488
0.8015325	0.36211297
0.8018782	0.34093392
0.80224556	0.28025997
0.8023343	0.3759612
0.80252165	0.34414002
0.8028308	0.34018335
0.80338323	0.22569495
0.8035382	0.27753383
0.8038379	0.26617458
0.8038921	0.37819988
0.8040423	0.31174362
0.8042632	0.3447263
0.8047211	0.23174758
0.8050557	0.2949614
0.8054108	0.28653637
0.8058333	0.2692198
0.80597013	0.29675815
0.80631596	0.27704465
0.80649585	0.30522037
0.8066972	0.32800713
0.80712706	0.23256393
0.80746126	0.26779747
0.8076783	0.31142905
0.80791605	0.29720607
0.8080838	0.368491
0.80827254	0.30694896
0.80863893	0.2984125
0.80889046	0.29409733
0.8091398	0.3165735
0.80925417	0.31370008
0.8095658	0.2915956
0.80980885	0.31775272
0.8100934	0.25677207
0.81033206	0.31821594
0.8106336	0.26506
0.8109756	0.2756242
0.8112289	0.26677236
0.8114586	0.281201
0.81177145	0.2800638
0.8119758	0.26637137
0.8122838	0.26531366
0.81256825	0.26218158
0.8127876	0.249307
0.8128801	0.3687628
0.8130756	0.2987417
0.8131042	0.34503514
0.8131943	0.32194448
0.81344754	0.3246486
0.8138415	0.23883614
0.8140901	0.30058068
0.81427586	0.32151163
0.8145005	0.28722772
0.8147234	0.30349797
0.8149444	0.29046112
0.81518364	0.3056566
0.8152424	0.32259956
0.81537974	0.34193298
0.8156538	0.25289553
0.81590605	0.25646156
0.8161173	0.26200676
0.8163269	0.23931473
0.8163218	0.32801598
0.8167413	0.21233456
0.81692684	0.29500932
0.8170344	0.3207248
0.81729376	0.25348958
0.8176082	0.25076413
0.8177687	0.2736013
0.8179846	0.26585713
0.8179922	0.35245627
0.81813073	0.26954457
0.81828696	0.2723415
0.8185535	0.27647853
0.81868845	0.31670517
0.81893307	0.23736863
0.81915754	0.29852253
0.819417	0.3107944
0.8194191	0.32644516
0.81960297	0.2708086
0.8197131	0.30156636
0.8198946	0.2780544
0.8199669	0.3227896
0.82012826	0.3098687
0.82034206	0.25482216
0.82051873	0.2776196
0.820836	0.2444289
0.8211863	0.2312848
0.82121736	0.39633155
0.821406	0.2588742
0.8214885	0.34448716
0.8216575	0.2647692
0.8216691	0.3409771
0.8218017	0.28890193
0.82196784	0.26988414
0.82218444	0.30679676
0.8222625	0.27681702
0.8223743	0.32355
0.8225702	0.29507822
0.82273096	0.28116834
0.8229582	0.24282326
0.8231839	0.2870553
0.8235087	0.20808545
0.8236641	0.2459434
0.8239019	0.29454154
0.8240716	0.26438314
0.8241409	0.35749328
0.82427573	0.24244423
0.8244261	0.25157607
0.82446074	0.35256737
0.8245605	0.33713707
0.824676	0.2654694
0.824888	0.26789272
0.8249369	0.31967294
0.8250984	0.2592697
0.8253713	0.22650337
0.8255944	0.23984645
0.82562447	0.2988798
0.8257658	0.3026914
0.8259379	0.27897888
0.8261881	0.26312742
0.82646817	0.22671166
0.826495	0.2914021
0.82672536	0.23882098
0.8268137	0.3266205
