0.91	0.21511106
0.9	0.24280836
0.91	0.22189942
0.8975	0.3164657
0.906	0.19791207
0.9075	0.16828862
0.9071429	0.21138898
0.90625	0.21029228
0.9066667	0.20006493
0.9035	0.3038886
0.90636367	0.18538982
0.90791667	0.18906559
0.9042308	0.28161454
0.9042857	0.25349447
0.9073333	0.15871955
0.908125	0.21679032
0.9085294	0.27766785
0.9072222	0.26062214
0.90657896	0.24024194
0.907	0.21337123
0.9064286	0.27107257
0.9068182	0.20198843
0.90630436	0.22208759
0.9066667	0.23741947
0.9056	0.23495618
0.9067308	0.20296222
0.9066667	0.2387376
0.9057143	0.2506912
0.9051724	0.23173058
0.9051667	0.23376821
0.90645164	0.1632721
0.905	0.30857766
0.905303	0.17825317
0.90617645	0.20385021
0.90657145	0.20567963
0.9072222	0.22023827
0.90824324	0.1636221
0.9081579	0.24499145
0.9085897	0.22884738
0.908	0.23466697
0.90841466	0.19189309
0.9090476	0.22047023
0.90918607	0.22904535
0.9095455	0.17394313
0.9086667	0.28393728
0.90902174	0.19104454
0.9093617	0.18134987
0.9092708	0.196931
0.90908164	0.29000118
0.909	0.25187603
0.90813726	0.2394252
0.9085577	0.17018157
0.9087736	0.19068028
0.909537	0.15233232
0.9096364	0.22104189
0.9094643	0.21625213
0.9091228	0.23121856
0.9091379	0.23050518
0.9088983	0.27409896
0.90891665	0.21588443
0.90868855	0.22267574
0.9094355	0.14260727
0.9095238	0.23388496
0.9100781	0.16084379
0.9098461	0.21818422
0.90962124	0.21861976
0.91007465	0.1939255
0.9101471	0.23117083
0.9101449	0.18625553
0.91057146	0.15404361
0.91049296	0.24611072
0.91055554	0.18639942
0.9104794	0.20237155
0.9106081	0.16403416
0.9106	0.19163
0.9105921	0.23668365
0.9105195	0.19455715
0.91070515	0.13487095
0.91094935	0.22211403
0.911	0.24472038
0.91104937	0.21572118
0.9108537	0.20342426
0.91108435	0.16699758
0.91130954	0.18029885
0.9116471	0.20740958
0.9114535	0.29840428
0.91103446	0.23114723
0.9110795	0.24301654
0.9110674	0.22884682
0.9115	0.15982486
0.9115934	0.21820915
0.9114674	0.24762234
0.9113979	0.24463001
0.911383	0.21852447
0.9111053	0.2324847
0.91078126	0.22985867
0.9103608	0.253134
0.9102551	0.2855404
0.909899	0.23991014
0.91005	0.22379784
0.91039604	0.15788227
0.9103431	0.2324058
0.91043687	0.19082043
0.91033655	0.24953146
0.9104286	0.17666137
0.91075474	0.1843215
0.91042054	0.24872658
0.91018516	0.2662324
0.91	0.4108039
0.90986365	0.24272516
0.9097748	0.23576534
0.9098661	0.23832451
0.9095133	0.2588741
0.909386	0.2120207
0.9093913	0.20707145
0.90922415	0.24358715
0.9091453	0.30005923
0.9095339	0.16326489
0.90936977	0.31872377
0.90920836	0.27571023
0.90838844	0.5332512
0.9065984	1.9750525
0.90638214	0.3888562
0.90560484	0.78456116
0.90568	0.30505285
0.90555555	0.31374642
0.90586615	0.20093136
0.90589845	0.34511593
0.90562016	0.41073242
0.9056154	0.24119928
0.9053817	0.359723
0.90522724	0.22810234
0.9049624	0.26457995
0.9047388	0.2529564
0.9044074	0.29451808
0.9044853	0.31391382
0.90456206	0.23764956
0.90434784	0.3229843
0.90417266	0.26668376
0.90414286	0.18139626
0.90404254	0.2189301
0.90390843	0.24023242
0.9037063	0.24103232
0.9035417	0.30883983
0.9033793	0.2858775
0.9035274	0.19692905
0.90336734	0.2804675
0.90331084	0.23976216
0.90318793	0.29423752
0.9030667	0.2545953
0.9028808	0.287617
0.9025329	0.31262127
0.9023856	0.26852918
0.9021104	0.33899024
0.9021613	0.19190803
0.90192306	0.29702887
0.90171975	0.24429892
0.90123415	0.3087273
0.9012893	0.25494295
0.90128124	0.23785691
0.9012733	0.21015236
0.9011728	0.28774926
0.90116566	0.22853811
0.90125	0.20329463
0.90130305	0.1963686
0.90138555	0.21400481
0.9014072	0.21757792
0.9014286	0.23006316
0.90150887	0.21301904
0.9015588	0.18008757
0.9015497	0.2256739
0.9015698	0.23341805
0.9016474	0.19722648
0.9017816	0.20786215
0.9017714	0.30518985
0.9018466	0.21324928
0.90183616	0.23819247
0.9020225	0.17906606
0.90217876	0.20596188
0.9019167	0.28372896
0.9019613	0.20142685
0.902033	0.23212902
0.9018853	0.25729048
0.9017391	0.32064164
0.90175676	0.20621443
0.90163976	0.21573313
0.90152407	0.31301412
0.9015958	0.19061987
0.90156084	0.29137337
0.9016316	0.21878438
0.9018063	0.22244446
0.90177083	0.24782632
0.9018653	0.20709601
0.901933	0.20376259
0.90182054	0.24019614
0.90183675	0.20103978
0.9018274	0.22969364
0.9017677	0.25431722
0.9017588	0.24943241
0.901625	0.2717535
0.9016418	0.20510918
0.90168315	0.23109284
0.90165025	0.2323399
0.90156865	0.29142457
0.90158534	0.21836416
0.90152913	0.2613162
0.9015459	0.21193993
0.90158653	0.20501141
0.9016507	0.20597896
0.90166664	0.21037422
0.9017299	0.20414937
0.9016981	0.22576591
0.9018075	0.15177207
0.9018458	0.21451508
0.90190697	0.24695916
0.90189815	0.19573607
0.90207374	0.18807293
0.90208715	0.24855575
0.9020776	0.21221496
0.9021136	0.21235682
0.90212667	0.19177723
0.90213966	0.22846001
0.9022421	0.20242716
0.9021875	0.25348365
0.9022667	0.1878841
0.9023009	0.2654198
0.90231276	0.24762544
0.9023026	0.22189276
0.9022489	0.23099437
0.9022174	0.21358728
0.9022944	0.19963375
0.9022845	0.22006981
0.9022961	0.24327013
0.9024145	0.18761629
0.9023617	0.20923539
0.90245765	0.21584815
0.9022996	0.2394717
0.9023529	0.19319935
0.9024686	0.22395611
0.9025	0.21523575
0.9026141	0.17300175
0.90278924	0.1811652
0.9028395	0.20584078
0.90286887	0.2597875
0.90283674	0.20569514
0.9028252	0.22540745
0.902915	0.21055031
0.9030645	0.19606495
0.9030321	0.27845073
0.9031	0.18049885
0.9031474	0.17663388
0.9032341	0.19710651
0.9032411	0.25735393
0.903248	0.22190098
0.9033333	0.18077923
0.9033789	0.23576866
0.90340465	0.17265083
0.9033721	0.30470708
0.90335906	0.20315278
0.90325	0.25310275
0.9034674	0.13609357
0.9034351	0.23309913
0.9034411	0.20111065
0.9035038	0.19013113
0.9036415	0.16894737
0.90360904	0.330962
0.90370786	0.27542576
0.90363806	0.22007202
0.90362453	0.2340062
0.9037222	0.15367119
0.9037823	0.19423363
0.90367645	0.22897974
0.903663	0.22237907
0.9036314	0.23447825
0.9035818	0.21925107
0.90360504	0.21537861
0.90370035	0.16243882
0.90383095	0.18827213
0.90397847	0.1473456
0.9040893	0.24221252
0.9041459	0.18951157
0.9043085	0.14247489
0.9042226	0.2419229
0.9041901	0.22163239
0.90431577	0.13773797
0.90442306	0.1564219
0.90445995	0.17876756
0.90447915	0.19829163
0.9044291	0.28087434
0.9044138	0.24015717
0.9044845	0.15947446
0.9045034	0.21157272
0.9046587	0.15062144
0.9046939	0.22547656
0.90471184	0.26144698
0.9046622	0.23845449
0.90468013	0.1984119
0.90464765	0.19094759
0.9047659	0.17717844
0.9048167	0.1818125
0.9049003	0.17055221
0.90475166	0.30372345
0.9048515	0.16425301
0.9049671	0.19120178
0.9049836	0.28398567
0.905	0.19642217
0.905114	0.11149271
0.90512985	0.2086365
0.9052589	0.12874308
0.90532255	0.18894249
0.90532154	0.20266919
0.90536857	0.16304699
0.90541536	0.26050347
0.9054936	0.22618245
0.9055714	0.18807678
0.9056171	0.20511813
0.90559936	0.2652726
0.9055975	0.28056663
0.9055956	0.21090615
0.905625	0.21897942
0.90563864	0.20932792
0.90572983	0.20383465
0.90568113	0.25077248
0.905679	0.23153163
0.9056769	0.2344597
0.9057822	0.21186197
0.9056728	0.27463496
0.9057317	0.18066257
0.9056231	0.31288096
0.90566665	0.2295856
0.9057402	0.1985917
0.9057831	0.20604803
0.90573573	0.2550709
0.90576345	0.21274975
0.90579104	0.23874268
0.9058631	0.21582344
0.9059199	0.20308535
0.90587276	0.23256227
0.905885	0.22280136
0.90605885	0.12797645
0.90611434	0.16614217
0.90621346	0.18527427
0.9062828	0.24514015
0.90626454	0.2236954
0.9062319	0.23309791
0.90617055	0.3361586
0.9062536	0.20015214
0.9063362	0.17143156
0.90637535	0.22125126
0.9063714	0.2043451
0.9063248	0.18450159
0.9063068	0.29557654
0.9063456	0.19554192
0.90638417	0.20208263
0.90633804	0.25235805
0.9063343	0.20489895
0.9063305	0.19720638
0.9064246	0.21077004
0.9063788	0.2588224
0.90640277	0.22596736
0.90635735	0.26158294
0.9063536	0.19602841
0.9063912	0.17030786
0.9064423	0.21350838
0.90652055	0.17220989
0.90644807	0.25027958
0.90644413	0.21518171
0.90649456	0.15824871
0.9064363	0.22729594
0.9065135	0.16646576
0.9064959	0.20095259
0.9065457	0.15122148
0.9065282	0.24955523
0.90648395	0.22283171
0.90646666	0.20973091
0.90652925	0.18721832
0.90660477	0.21431324
0.9064815	0.22208816
0.9064776	0.21098071
0.9065263	0.18220858
0.9065748	0.15844753
0.9066623	0.1730228
0.9067102	0.22853503
0.9066797	0.28516543
0.90676624	0.21264459
0.9066839	0.2829206
0.9068217	0.123632796
0.906933	0.20085184
0.907018	0.17283963
0.9069359	0.26174515
0.9069949	0.16916794
0.90697706	0.21671146
0.906972	0.25828946
0.90691626	0.28261617
0.9069114	0.2819098
0.9070076	0.1763435
0.90712845	0.14232413
0.90714824	0.17496292
0.9071804	0.20988949
0.9072125	0.19180511
0.90725684	0.18884373
0.9072264	0.23465668
0.90722084	0.22517765
0.9073515	0.15827152
0.9074444	0.16104454
0.9074138	0.26191235
0.9074079	0.21221836
0.90748775	0.16897602
0.90756726	0.21553749
0.90763414	0.15271011
0.9077007	0.15400055
0.9076335	0.2401271
0.90766346	0.1894957
0.90766907	0.20977318
0.90771085	0.17382075
0.90765625	0.21107392
0.9077218	0.19731951
0.9077871	0.18548524
0.9078043	0.19957452
0.90788096	0.1951271
0.90781474	0.23718281
0.9078673	0.17844255
0.90794325	0.17143942
0.9080307	0.19298269
0.9081294	0.14939576
0.90816903	0.19786821
0.9081616	0.22960515
0.9080607	0.2522895
0.90805364	0.2608699
0.9080814	0.20380604
0.9080858	0.19727422
0.90814817	0.17061451
0.9081986	0.20774098
0.9082719	0.14547953
0.90826434	0.25053668
0.9083372	0.16447683
0.90842104	0.17957821
0.90847033	0.17780067
0.90849656	0.22941086
0.9085682	0.14733136
0.9084921	0.26714253
0.90857464	0.1380003
0.90862304	0.16434708
0.90870494	0.16569138
0.90876406	0.18141304
0.9088677	0.11261388
0.9089262	0.19447368
0.9090067	0.13356285
0.9089866	0.27370346
0.9090222	0.23139343
0.9090466	0.22670107
0.90905976	0.17117454
0.909117	0.21393846
0.9091079	0.19867332
0.9090989	0.20852558
0.90917766	0.20577396
0.9091685	0.20355701
0.90923584	0.18350586
0.90925926	0.22858593
0.9093587	0.13884369
0.9094143	0.16461784
0.9094264	0.238383
0.90940607	0.21633713
0.9094397	0.20628628
0.9093763	0.24832304
0.9094099	0.19586125
0.909454	0.17659488
0.90944445	0.23765191
0.9094563	0.19942218
0.9095213	0.19039746
0.9095011	0.27997777
0.9095233	0.21846047
0.90955603	0.19064899
0.90948313	0.2682563
0.909421	0.20715782
0.90944326	0.19996698
0.90944445	0.191661
0.9094874	0.1782077
0.90958244	0.14701395
0.90958333	0.25217968
0.90949064	0.26636025
0.90959543	0.13593955
0.90959626	0.23568554
0.9096798	0.15359417
0.9097423	0.19013788
0.9097428	0.19171284
0.909846	0.10710338
0.9098258	0.26606977
0.90985686	0.22416079
0.90988773	0.18369006
0.90988797	0.2006474
0.9099695	0.15052433
0.9101014	0.09731177
0.91007084	0.23503353
0.9100909	0.18199171
0.9101008	0.19982462
0.91011065	0.21658139
0.9100904	0.2447496
0.9101002	0.18805216
0.91019	0.16575977
0.9102595	0.14736971
0.91035855	0.1678763
0.91040754	0.20357294
0.91041666	0.21117803
0.91048515	0.19454028
0.9104743	0.23565198
0.9104438	0.23245728
0.9103839	0.23253796
0.9103733	0.21995784
0.91039217	0.20561564
0.9104207	0.19257264
0.9104297	0.19961807
0.91046786	0.17414497
0.91052526	0.16841288
0.9105437	0.17994885
0.91061044	0.16041183
0.9106383	0.17115743
0.91074324	0.1508105
0.91073215	0.20952319
0.9107115	0.2542215
0.91072935	0.15239248
0.9107088	0.23449318
0.9106692	0.29107314
0.910687	0.22944675
0.91066664	0.23736675
0.9106559	0.21608964
0.9106831	0.19519585
0.91069126	0.24295264
0.9107845	0.17964466
0.910783	0.20233831
0.91081923	0.18987772
0.9108459	0.18852222
0.9108068	0.23004656
0.91083336	0.17921443
0.9108598	0.19304523
0.9109048	0.20091057
0.91089386	0.26391292
0.9108829	0.24599995
0.9108998	0.20282154
0.9109074	0.23040703
0.91097045	0.17849113
0.91100556	0.1528498
0.9110037	0.16497047
0.9110202	0.24861541
0.91104585	0.21448778
0.9110348	0.21906394
0.91106033	0.20891458
0.9110219	0.24403425
0.91104734	0.16944318
0.91105455	0.20879391
0.91105264	0.27125087
0.91105074	0.1694893
0.91101265	0.23629959
0.9109657	0.26645088
0.91094595	0.24626209
0.9109622	0.19500421
0.9110054	0.16126217
0.91096777	0.23194556
0.91105545	0.13101865
0.91111606	0.15484679
0.91117644	0.14125918
0.9111922	0.26614916
0.9111723	0.22639644
0.9112234	0.146713
0.9112478	0.23534217
0.91123676	0.21416268
0.91122574	0.2612961
0.9112676	0.18384361
0.91128296	0.19093063
0.91130704	0.206878
0.9113748	0.14807646
0.91136366	0.2003238
0.91133505	0.2419033
0.911385	0.17094283
0.9114435	0.17273659
0.911467	0.18137634
0.91140383	0.2760452
0.91141003	0.20201634
0.91144216	0.20456684
0.9115	0.14778186
0.911506	0.1950187
0.9115378	0.16441129
0.91157806	0.24078003
0.9116096	0.16354908
0.9116496	0.15643428
0.91167235	0.16886014
0.9116695	0.21574874
0.91170067	0.2128635
0.9117148	0.23909183
0.9117627	0.15702243
0.9117682	0.2889136
0.91171455	0.27282336
0.9117538	0.1752548
0.91175926	0.23099752
0.91173106	0.25771594
0.9117282	0.18940791
0.9117923	0.14442568
0.91178095	0.21476215
0.91179466	0.20735802
0.9118417	0.15190358
0.91184694	0.23800491
0.91182727	0.21468498
0.91187394	0.14793085
0.91191226	0.16342384
0.911843	0.2800481
0.9118317	0.25382537
0.91184515	0.18449852
0.91185856	0.16487321
0.9118965	0.16073747
0.9119098	0.19450325
0.9119476	0.18351923
0.91191995	0.22931786
0.9119413	0.17619883
0.9119707	0.17394081
0.9119919	0.15511224
0.9119886	0.15775014
0.9120259	0.17032787
0.9120631	0.16465336
0.91210014	0.17163889
0.91212094	0.20245796
0.912182	0.14568244
0.9122026	0.19842827
0.9121589	0.19963712
0.9121394	0.30205563
0.912176	0.22868478
0.9121885	0.22495657
0.9121531	0.23202185
0.9121895	0.17874862
0.9122337	0.23362927
0.9121984	0.2386739
0.91220284	0.25436297
0.9122389	0.1413546
0.9122591	0.19085427
0.91228706	0.16423357
0.9123307	0.13426352
0.91230345	0.24321781
0.9123234	0.2552565
0.9123354	0.20213936
0.91234744	0.16252354
0.91234374	0.21979755
0.9123323	0.23688862
0.9123832	0.16757803
0.9124028	0.2044323
0.91246116	0.1543763
0.9125194	0.16487719
0.91253096	0.21919923
0.9125425	0.18008424
0.912554	0.19177008
0.9125732	0.14196037
0.91260767	0.15313596
0.91262674	0.16851087
0.9126457	0.1712196
0.91265696	0.19246128
0.91266054	0.20873307
0.9126794	0.19447075
0.91272867	0.1619521
0.91277015	0.17955703
0.91274315	0.20862308
0.91277695	0.17250423
0.9127727	0.1988859
0.9128215	0.14235151
0.9128776	0.15599862
0.91288084	0.19852534
0.9128991	0.19961628
0.91290224	0.1716218
0.9128904	0.19229986
0.91291606	0.1659304
0.9129042	0.19286604
0.91295964	0.16143681
0.9129851	0.16952522
0.9130253	0.13456309
0.91302085	0.25800017
0.9130089	0.22405939
0.9130267	0.20363842
0.91308147	0.18094306
0.91306216	0.25681603
0.9131019	0.18579574
0.91309	0.21310201
0.9130707	0.22102962
0.91316175	0.14617516
0.9131938	0.1485717
0.9132405	0.16907752
0.9132723	0.13626525
0.9133187	0.13648587
0.91331387	0.17593926
0.91330904	0.2054748
0.9133479	0.15136299
0.9133503	0.21804914
0.91335994	0.21913753
0.9133841	0.20772007
0.9134298	0.14061621
0.9134971	0.1254587
0.91347045	0.22368808
0.913487	0.18049125
0.913518	0.14967954
0.9135273	0.20778954
0.9135366	0.19143058
0.91354585	0.16753805
0.9135837	0.15096818
0.9136214	0.15141197
0.9136234	0.21988605
0.91368234	0.17558372
0.9137127	0.16052371
0.9137287	0.21046191
0.9137518	0.17353086
0.9137394	0.24261966
0.9137694	0.16933653
0.9137571	0.24883465
0.913787	0.14233181
0.91379577	0.18344899
0.91383964	0.15397036
0.9138413	0.21469076
0.9138569	0.14568909
0.9138796	0.18637528
0.91389513	0.17034683
0.91390365	0.21568462
0.9139191	0.172899
0.91392756	0.1916562
0.913936	0.17396384
0.91391665	0.21156946
0.9139251	0.1871211
0.9139543	0.15388434
0.91399723	0.1354871
0.913971	0.18616235
0.9139862	0.18945532
0.9140358	0.19200985
0.9140234	0.21912098
0.91404533	0.14576863
0.91411525	0.11785824
0.9141233	0.14455675
0.914145	0.16381176
0.914153	0.17733382
0.9141678	0.1806142
0.91418254	0.19693094
0.9141905	0.24134777
0.9142323	0.15725964
0.9142198	0.262004
0.91420734	0.20586997
0.9142084	0.22368485
0.9142095	0.24859814
0.9141903	0.21578766
0.9142386	0.1668825
0.9142463	0.18168682
0.9142742	0.18602337
0.91431546	0.1495495
0.91432303	0.18525916
0.91433734	0.1737064
0.914365	0.16964348
0.9143725	0.19022112
0.91438	0.17111225
0.9144208	0.14713697
0.914375	0.30499545
0.91435593	0.2505028
0.9143854	0.18843077
0.914373	0.26669723
0.91439366	0.16874145
0.91437465	0.22859928
0.91438866	0.20363203
0.91439605	0.18271407
0.9144297	0.17390414
0.91446334	0.1762476
0.9144575	0.19588172
0.91443855	0.23350598
0.91443926	0.21983135
0.91444653	0.20816097
0.9144603	0.17991967
0.91441536	0.24920928
0.9144422	0.19336353
0.9144364	0.20066716
0.9144566	0.1701622
0.9144508	0.20088086
0.9144451	0.24280483
0.9144846	0.1539267
0.9144853	0.20488362
0.9145311	0.13192292
0.91454464	0.17525448
0.91455805	0.18697366
0.91457796	0.19781037
0.9145656	0.18333413
0.9145662	0.15767233
0.9146116	0.16572647
0.9146057	0.21963072
0.9146317	0.19715856
0.9146067	0.21475667
0.9146327	0.1834806
0.9146713	0.15144764
0.9146908	0.17719835
0.9146975	0.1967601
0.9147486	0.1168639
0.91479325	0.15893896
0.91478723	0.32450202
0.9147875	0.21733251
0.91480035	0.22763157
0.9148384	0.16774772
0.9148386	0.17238173
0.9148765	0.18476821
0.9148704	0.22131854
0.9148768	0.15115178
0.91488326	0.18671691
0.91492087	0.17008495
0.91493344	0.19735882
0.9149585	0.1809003
0.9149025	0.26953065
0.9149213	0.19560996
0.91495866	0.13825732
0.91500837	0.12538117
0.9150269	0.20798936
0.91499597	0.23652348
0.9150207	0.19857013
0.91506386	0.13307944
0.9150946	0.1537505
0.915113	0.20817184
0.91511285	0.18475388
0.9151557	0.14841034
0.91515553	0.19662333
0.91515535	0.21216844
0.915198	0.15308143
0.9151672	0.2335532
0.9151609	0.1694421
0.91517895	0.196778
0.9152397	0.1452499
0.9152455	0.19239491
0.91525126	0.19600898
0.91526914	0.183425
0.9152931	0.17962195
0.91531086	0.17282914
0.9153105	0.20594692
0.9153464	0.16338669
0.91533387	0.21298492
0.9152491	0.34407523
0.9152488	0.18434615
0.91523653	0.22135937
0.9152843	0.14259136
0.9152959	0.16904163
0.91529554	0.1795711
0.91530716	0.15670937
0.9153068	0.19458885
0.9153124	0.23195942
0.9153538	0.159775
0.91534144	0.24107136
0.9153648	0.12505819
0.91539407	0.14881788
0.91540545	0.1544196
0.91541094	0.23063892
0.91538674	0.1792783
0.9154277	0.13933735
0.9154449	0.14926274
0.9154444	0.2039146
0.91544974	0.13027707
0.9154845	0.15660247
0.9154663	0.20758158
0.9154775	0.20269409
0.91548866	0.17800187
0.91546464	0.21231098
0.91545826	0.18520586
0.9154811	0.15006937
0.9154689	0.28521943
0.9154742	0.18578187
0.91551435	0.18249343
0.9155254	0.17571808
0.9155248	0.21890804
0.9155474	0.18487339
0.91553515	0.2054079
0.91554034	0.16225006
0.91558594	0.1691461
0.91559684	0.20473753
0.9155961	0.18270999
0.91563004	0.15956868
0.91562355	0.25415736
0.9156113	0.23179999
0.9156106	0.18722174
0.9156616	0.11602324
0.9156321	0.18996525
0.9156314	0.18852337
0.9156536	0.16682285
0.91567564	0.19334841
0.9156977	0.18132934
0.91572535	0.21323259
0.915753	0.14826857
0.9157692	0.19371094
0.91577965	0.15946376
0.91575044	0.25040445
0.9157666	0.17616077
0.9157657	0.19290651
0.9157931	0.15913828
0.9157809	0.20685738
0.91584206	0.104767345
0.9158693	0.15387452
0.9158627	0.21153326
0.91585606	0.20550552
0.9158663	0.17576271
0.9158822	0.17585558
0.9158924	0.19963692
0.9159082	0.1794252
0.91590714	0.1788523
0.915895	0.18665867
0.9158996	0.21915631
0.915893	0.24694794
0.91590315	0.17898384
0.91594106	0.17176418
0.91596216	0.15780775
0.9160055	0.1382973
0.916021	0.14195396
0.9160641	0.14095649
0.9160961	0.13639303
0.9161225	0.15340866
0.9161433	0.15438953
0.9161145	0.19683509
0.9161078	0.17723842
0.91607356	0.29915208
0.9161163	0.18867533
0.91609865	0.25566438
0.9161303	0.12793322
0.9161455	0.1742137
0.91612786	0.25833443
0.91613203	0.19031404
0.9161745	0.15021078
0.91617864	0.17045456
0.91618824	0.19275232
0.91623586	0.13112277
0.9162617	0.16392483
0.9162386	0.27495095
0.9162481	0.19118424
0.91627383	0.13407624
0.9162778	0.18646042
0.91628724	0.24880421
0.9162751	0.2310022
0.9162791	0.21189226
0.9162562	0.25574443
0.9162548	0.23069645
0.91627496	0.1463247
0.9163058	0.15078372
0.91629905	0.20657872
0.916303	0.17707248
0.91631764	0.16367447
0.916343	0.16160773
0.9163949	0.14202712
0.91637206	0.23152073
0.9163866	0.1688665
0.9164064	0.15300675
0.9164102	0.19108075
0.9164087	0.1560413
0.9163966	0.2304171
0.91642165	0.12450323
0.9164466	0.121899776
0.9164398	0.21148595
0.9164541	0.18264118
0.9164684	0.15548424
0.9164827	0.18649426
0.9164916	0.19084908
0.9165111	0.19498865
0.91652	0.18079153
0.91652364	0.18331924
0.916564	0.15982147
0.9165938	0.14690728
0.9165869	0.2155904
0.91661656	0.18181643
0.9166253	0.16687734
0.91662884	0.21281973
0.91663235	0.20577279
0.9166671	0.14142041
0.9166602	0.22181672
0.9166533	0.215852
0.9166412	0.19456719
0.91663945	0.17254521
0.91664296	0.20261687
0.9166464	0.18259296
0.9166757	0.15755925
0.91668946	0.19778429
0.9166722	0.17867851
0.9166808	0.17991608
0.9166894	0.162939
0.91671336	0.19491585
0.91671675	0.1406602
0.9167201	0.16518353
0.91672856	0.21426506
0.9167166	0.22954395
0.9167199	0.17760624
0.9167284	0.1749308
0.9167164	0.24602264
0.91673	0.17310876
0.9167588	0.13201997
0.91677225	0.15041676
0.91679585	0.15447085
0.916794	0.19542907
0.9168125	0.12386818
0.91683596	0.1505062
0.91682905	0.19321154
0.91683227	0.21066631
0.91688097	0.10493586
0.91687906	0.16276406
0.91691244	0.13226487
0.91694075	0.14584203
0.91694885	0.18454754
0.916967	0.15702716
0.91697	0.2199352
0.91698813	0.16894749
0.9170062	0.131563
0.9170392	0.13858056
0.91705215	0.16716053
0.9170451	0.21641141
0.91706306	0.15620798
0.917056	0.22614308
0.91707385	0.13665248
0.9171216	0.13438936
0.91716915	0.15774782
0.9171968	0.1550136
0.9172095	0.20709717
0.91726184	0.11240533
0.9172745	0.19402413
0.91727716	0.1327601
0.91726506	0.22210784
0.91727763	0.2042978
0.9173099	0.13262601
0.9173076	0.20840411
0.91729057	0.21237348
0.917308	0.18539706
0.9173057	0.20536424
0.9173329	0.15654546
0.91736495	0.16348596
0.91736263	0.17305948
0.91735053	0.16370563
0.917358	0.14533126
0.9173703	0.14370881
0.91739243	0.17413162
0.9174242	0.12665287
0.9174316	0.19426243
0.9174535	0.13215603
0.9174998	0.09554496
0.91751677	0.2287227
0.9175434	0.16640079
0.9175506	0.18883768
0.91756755	0.14066729
0.91757476	0.14760238
0.91763026	0.087858446
0.91765183	0.23202378
0.91764444	0.21513146
0.9176708	0.15748595
0.9176875	0.13855308
0.91770416	0.1837167
0.91772556	0.18459342
0.91772294	0.22636242
0.91772515	0.19531728
0.91774166	0.15789887
0.91773427	0.19590564
0.917746	0.20728695
0.91774815	0.19191712
0.9177503	0.17095369
0.91778105	0.16987787
0.9178213	0.14221926
0.9178424	0.15773055
0.9178682	0.14528947
0.917875	0.16837528
0.9178628	0.2444302
0.9178743	0.17569794
0.9178857	0.15424679
0.9178499	0.2380972
0.91780937	0.22026268
0.91779256	0.23473717
0.9177805	0.19856748
0.91779673	0.14832233
0.91782236	0.15725853
0.9178197	0.24342102
0.91784054	0.15085156
0.9178473	0.19202697
0.9178681	0.16738279
0.91787475	0.18416859
0.9179282	0.095697984
0.91795826	0.124997005
0.9179742	0.12877434
0.91799474	0.13342968
0.91801995	0.15902054
0.91804045	0.18602535
0.91805625	0.18866341
0.91804874	0.17243372
0.9180459	0.22330162
0.9180709	0.12759383
0.9180913	0.16785456
0.9181023	0.1778804
0.9181087	0.24586153
0.9181012	0.17235039
0.91812605	0.14032547
0.9181324	0.16223723
0.91813415	0.18678719
0.9181359	0.20049065
0.91813755	0.20609891
0.9181623	0.14145355
0.9181732	0.15615505
0.9181289	0.27531087
0.9181077	0.2175113
0.918114	0.23834862
0.9181432	0.14434898
0.9181678	0.15448523
0.91820145	0.14554976
0.9182168	0.15964936
0.91824585	0.13286614
0.918252	0.14112315
0.918249	0.23613887
0.91826427	0.18575191
0.91825676	0.20135017
0.91827196	0.20696244
0.9182599	0.19788195
0.9182524	0.26711944
0.9182676	0.15851475
0.91828275	0.14945352
0.9182888	0.19282047
0.91831297	0.16786045
0.9183235	0.19077389
0.91833854	0.15878062
0.91835356	0.15080518
0.9183775	0.16166794
0.918397	0.10980551
0.9184254	0.26757658
0.9184582	0.12080479
0.9184372	0.24308795
0.9184565	0.15749389
0.91845787	0.20704038
0.91849506	0.13802993
0.9185232	0.197318
0.9185156	0.21980059
0.9184991	0.1959756
0.9185272	0.1506744
0.91854185	0.15314727
0.9185565	0.15083008
0.91856223	0.18909046
0.918599	0.13181692
0.91861355	0.15459833
0.9186148	0.20917147
0.91862935	0.19864775
0.91865265	0.12271739
0.918645	0.27499667
0.9186462	0.20347643
0.9186474	0.2077408
0.918653	0.18216042
0.9186498	0.18783146
0.918651	0.15446542
0.91864336	0.193449
0.9186226	0.29089668
0.9186194	0.20555529
0.918625	0.19901787
0.91863495	0.15098527
0.9186187	0.27589715
0.9186242	0.17716819
0.9186342	0.15670915
0.918631	0.23886856
0.91862345	0.19988318
0.91863775	0.16078524
0.91862154	0.24708542
0.91862273	0.18532455
0.9186065	0.21167375
0.9185947	0.20723358
0.91860026	0.18931536
0.9186275	0.20243922
0.9186287	0.2044556
0.9186299	0.1997409
0.91861373	0.19152613
0.918602	0.20947483
0.91859025	0.2026945
0.9185958	0.19298764
0.9185927	0.21334237
0.91857666	0.20393461
0.91859937	0.12041917
0.9185748	0.2645821
0.91858894	0.2262217
0.9185944	0.17682476
0.9186085	0.18873467
0.91862684	0.14245029
0.91861516	0.19476692
0.9186078	0.1735972
0.91862607	0.21653289
0.9186571	0.15539669
0.91866255	0.21675731
0.9186807	0.13720344
0.91871166	0.24405295
0.91872555	0.16967353
0.91875213	0.14212166
0.91874474	0.18064785
0.91877127	0.15400735
0.91878927	0.15297958
0.9188115	0.14528018
0.9188082	0.22446291
0.91880924	0.22721788
0.9188399	0.14215083
0.9188366	0.2012748
0.91886294	0.13823599
0.9188639	0.1798679
0.91886485	0.15759432
0.9188742	0.18475766
0.9188794	0.16403015
0.91891813	0.11862839
0.91893584	0.15350614
0.91894513	0.16525221
0.9189502	0.24851517
0.9189636	0.15541346
0.9189938	0.14511198
0.91898626	0.23777439
0.9190122	0.13664061
0.919013	0.20186988
0.91899717	0.2644865
0.9190188	0.12720823
0.9190238	0.20210348
0.91902465	0.20754914
0.9190379	0.17208624
0.91903037	0.2584986
0.91905195	0.16301918
0.9190527	0.2079652
0.9190535	0.19749227
0.9190833	0.14584443
0.9190758	0.23912483
0.9190807	0.22578686
0.91911036	0.11942154
0.9191276	0.14473319
0.9191365	0.23779495
0.9191661	0.17031941
0.9192038	0.15756087
0.919188	0.20493717
0.91920924	0.12035742
0.9192099	0.169016
0.91922694	0.14956422
0.91925216	0.15683144
0.91925275	0.1669558
0.91926974	0.18598953
0.9192499	0.25612637
0.91927093	0.12520604
0.9192797	0.21318032
0.9192966	0.17742008
0.9192727	0.24798025
0.91926515	0.22041725
0.91929835	0.14355525
0.91930294	0.18290947
0.9193157	0.16493772
0.91934466	0.1464738
0.91933304	0.21378054
0.91935384	0.17038983
0.91935843	0.17055152
0.9193873	0.123363554
0.91939586	0.1577998
0.91939634	0.16814029
0.919417	0.1345843
0.91942555	0.23331982
0.9194421	0.234444
0.91945064	0.16251339
0.91947925	0.14542776
0.91948366	0.20023087
0.9194841	0.13744673
0.9195206	0.10535917
0.919533	0.15758176
0.9195294	0.18868515
0.9195258	0.2064792
0.91953814	0.14120743
0.91954654	0.16394047
0.9195629	0.19303879
0.9195911	0.12425846
0.91960347	0.187985
0.9195958	0.21633534
0.91961604	0.14411291
0.91961235	0.17748752
0.91962457	0.15205875
0.9196447	0.12845184
0.91966486	0.17344844
0.91968495	0.1391208
0.9196654	0.20586717
0.9196855	0.12157199
0.9197174	0.13975874
0.9197334	0.13483962
0.91972965	0.22092602
0.919718	0.18131326
0.919734	0.1479145
0.9197382	0.17271301
0.9197581	0.14477009
0.91978186	0.13305221
0.91979384	0.16344894
0.9198097	0.14355019
0.91982555	0.1632339
0.9198257	0.16892517
0.91983366	0.17416666
0.9198534	0.122812994
0.919877	0.16000511
0.9198849	0.16316296
0.91991234	0.12949087
0.9199163	0.21926455
0.91995925	0.091414966
0.9199749	0.20391919
0.9199905	0.16692382
