0.8	0.39043128
0.835	0.27373874
0.8466667	0.28134957
0.86	0.28312418
0.87	0.19348003
0.87	0.26360306
0.87	0.35678798
0.8675	0.2582394
0.86777776	0.30601245
0.863	0.2624423
0.8690909	0.22806731
0.8691667	0.23934595
0.8730769	0.22809935
0.87214285	0.2882471
0.874	0.24905871
0.875625	0.21743909
0.87764704	0.2773273
0.8794444	0.26449734
0.8821053	0.19423431
0.882	0.27678958
0.8804762	0.30806842
0.87954545	0.2925675
0.8747826	0.35094374
0.87291664	0.28838006
0.8724	0.30415794
0.875	0.19265981
0.8744444	0.29578
0.87607145	0.2228431
0.87793106	0.1702042
0.8803333	0.22167976
0.88096774	0.21645588
0.8815625	0.23879834
0.8818182	0.26058084
0.88147056	0.34815112
0.88028574	0.28956607
0.8788889	0.3663598
0.88027024	0.21165372
0.88131577	0.21701849
0.88076925	0.34086743
0.8805	0.25984251
0.8797561	0.35049698
0.88	0.27971086
0.8795349	0.3017547
0.8793182	0.33340782
0.8802222	0.25189793
0.88108695	0.2431335
0.8797872	0.3280648
0.8802083	0.22911678
0.8802041	0.23054023
0.8794	0.28346637
0.8798039	0.19666263
0.8801923	0.25252977
0.87981135	0.29467216
0.88055557	0.20337945
0.8798182	0.32307968
0.87964284	0.3117977
0.8794737	0.26877686
0.8796552	0.27695715
0.88	0.26785105
0.8803333	0.26738626
0.88114756	0.1754743
0.88064516	0.30118218
0.88079363	0.22953604
0.881875	0.17250195
0.88246155	0.2511013
0.88166666	0.31060794
0.8822388	0.18042311
0.8822059	0.3368134
0.8821739	0.21369821
0.8827143	0.21443237
0.88197184	0.34035027
0.8819444	0.30178946
0.88164383	0.35799372
0.8816216	0.31534365
0.8825333	0.15176605
0.88328946	0.1837893
0.8832468	0.2743392
0.88384616	0.18869255
0.88392407	0.23114325
0.88425	0.20547813
0.8832099	0.42209667
0.8832927	0.30305156
0.8826506	0.37743375
0.8827381	0.2624716
0.88235295	0.32049203
0.8819767	0.2840021
0.8824138	0.22598429
0.8822727	0.23286806
0.8819101	0.3072455
0.88222224	0.2267398
0.8823077	0.25896984
0.8822826	0.27738053
0.8817204	0.31883535
0.88148934	0.32319316
0.8818947	0.20100853
0.88197917	0.2775865
0.88185567	0.24864477
0.88214284	0.22128794
0.88272727	0.15846711
0.8827	0.2809104
0.88237625	0.33165595
0.88254905	0.26709753
0.88242716	0.3338207
0.88259614	0.24888912
0.88180953	0.42848858
0.8813208	0.3573269
0.8817757	0.21896793
0.88203704	0.20143236
0.8822936	0.28831804
0.8821818	0.22735186
0.88216215	0.24369773
0.8822321	0.22728464
0.8828319	0.26037914
0.8827193	0.30633494
0.8829565	0.29371992
0.88336205	0.22737366
0.8833333	0.279508
0.88355935	0.27545258
0.88361347	0.22415215
0.8836667	0.29439333
0.88363636	0.2500307
0.88360655	0.2706442
0.8837398	0.291937
0.8842742	0.20504461
0.88408	0.32689488
0.88420635	0.20204142
0.8843307	0.27334097
0.884375	0.22303794
0.88457364	0.25461105
0.8849231	0.20452997
0.88496184	0.2345773
0.885	0.2653617
0.8854135	0.17463364
0.88574624	0.19655652
0.8857778	0.22394677
0.8860294	0.1720718
0.8861314	0.25411063
0.8863043	0.18586896
0.88611513	0.27204764
0.88607144	0.26495576
0.8859574	0.3154126
0.885493	0.4058204
0.8852447	0.29579055
0.885625	0.19771765
0.8855862	0.27452302
0.8856164	0.2529387
0.8855102	0.28283516
0.88554054	0.30357134
0.88557047	0.22595944
0.88533336	0.31218395
0.8855629	0.22448859
0.8857237	0.2282202
0.885817	0.24518232
0.8859091	0.22793067
0.8859355	0.25323516
0.88602567	0.24486633
0.88592356	0.29355216
0.88556963	0.3091628
0.8855346	0.2512212
0.8855625	0.29238048
0.8855901	0.24115413
0.88561726	0.26460943
0.8855215	0.27515408
0.88536584	0.3171449
0.88551515	0.27454582
0.8851807	0.4422542
0.8854491	0.23486347
0.8855357	0.2702687
0.88550293	0.2722361
0.8855882	0.32052767
0.88578945	0.23628692
0.88587207	0.2307705
0.88589597	0.24151851
0.88586205	0.26026714
0.88577145	0.27967334
0.8857386	0.2504651
0.8857062	0.25277612
0.8854494	0.3175058
0.8853631	0.3498934
0.8853889	0.2740481
0.8856906	0.19725288
0.8854396	0.35339588
0.8857377	0.1904102
0.88576084	0.22045763
0.88567567	0.29653504
0.88548386	0.29106316
0.88545454	0.26063767
0.8855319	0.20159781
0.8853439	0.31404972
0.88542104	0.2623321
0.88565445	0.15700518
0.885625	0.30139732
0.88564765	0.2588126
0.8858763	0.21132118
0.8856923	0.3503412
0.88535714	0.3316206
0.88543147	0.24682994
0.88525254	0.3912412
0.8852764	0.23118137
0.8854	0.2013624
0.88552237	0.22489643
0.8851485	0.4244152
0.8853202	0.21370572
0.88529414	0.28753096
0.88560975	0.19477026
0.8854854	0.26960123
0.8854106	0.24690899
0.8853846	0.2663003
0.8854067	0.29807544
0.8853809	0.30509287
0.885545	0.24128075
0.88551885	0.26490793
0.8855399	0.19601448
0.8856075	0.1911434
0.88539535	0.31521276
0.8853704	0.29219517
0.8853917	0.20318899
0.885367	0.21942165
0.88557076	0.16815846
0.8855	0.25229648
0.88579184	0.19746855
0.8856306	0.3323562
0.88569504	0.2983588
0.8854464	0.45005184
0.88555557	0.2733795
0.8856637	0.25370157
0.8856828	0.2711171
0.8857456	0.23359437
0.8858515	0.19986458
0.8860435	0.20263892
0.88588744	0.2391262
0.88586205	0.26594615
0.8858369	0.32876465
0.88589746	0.21885847
0.8859149	0.23092945
0.8859746	0.30178207
0.8857806	0.29667866
0.8857563	0.21662281
0.8859833	0.20905434
0.88579166	0.3404106
0.8858091	0.23901755
0.8859091	0.20850214
0.88584363	0.2587032
0.8858197	0.23451735
0.88587755	0.23669499
0.8860569	0.23452543
0.8860324	0.20787083
0.886129	0.20641346
0.8864257	0.13829453
0.88648	0.27712962
0.88641435	0.32389474
0.8865476	0.19309166
0.88648224	0.3616657
0.8865748	0.1868382
0.88662744	0.2620408
0.8865625	0.23184682
0.88649803	0.23766252
0.8865116	0.23640075
0.8865637	0.27587897
0.88653845	0.24619137
0.88643676	0.36453065
0.88614506	0.4739358
0.88631177	0.21283379
0.8864394	0.15293585
0.8863396	0.26082623
0.886391	0.19122206
0.88644195	0.29843903
0.8863806	0.33946544
0.8864312	0.24157281
0.88651854	0.28037992
0.8863838	0.29514396
0.88628674	0.29975727
0.886337	0.27013114
0.8862409	0.32344127
0.88625455	0.26885232
0.8862319	0.31246498
0.8862816	0.28668258
0.8861511	0.34938562
0.88623655	0.22583844
0.88625	0.2513561
0.88633454	0.22672
0.88631207	0.2956814
0.8862898	0.2664081
0.8862676	0.35412163
0.8862105	0.32593212
0.8861888	0.27592885
0.88606274	0.31523082
0.88604164	0.29039285
0.8862284	0.18806125
0.8861724	0.26961064
0.8862543	0.25677
0.88619864	0.2935111
0.8863481	0.19117182
0.8862925	0.31769451
0.88637286	0.21553026
0.88614863	0.32897606
0.886229	0.19006845
0.8863423	0.17957349
0.8864214	0.22028384
0.8864667	0.18661876
0.8865116	0.27852678
0.88655627	0.26183206
0.88646865	0.3665385
0.88641447	0.23880735
0.886459	0.24349709
0.88653594	0.20673613
0.8865798	0.22497353
0.8866234	0.2433395
0.88656956	0.26593864
0.8866129	0.31960845
0.8866881	0.22374889
0.8866987	0.21047069
0.8866454	0.2570333
0.8866879	0.22198358
0.88663495	0.306218
0.88658226	0.29287884
0.88646686	0.31209117
0.8864151	0.25965264
0.8864577	0.2509865
0.8865	0.26733446
0.88660437	0.1764642
0.886677	0.22315834
0.8867802	0.17964987
0.8867284	0.36727378
0.88676924	0.2629087
0.8868098	0.23950434
0.88688076	0.21448117
0.88689023	0.27966496
0.8868997	0.24345402
0.8868182	0.27533084
0.8867674	0.29329485
0.8867771	0.24641171
0.88672674	0.26302883
0.88658684	0.29723662
0.8864478	0.34333622
0.8864881	0.26612332
0.8862611	0.2673364
0.88636094	0.21510398
0.88631266	0.32372546
0.8861471	0.32315817
0.8862463	0.25960228
0.8862573	0.25174674
0.88632655	0.2348998
0.8863663	0.24398553
0.88646376	0.20905043
0.8865896	0.1781946
0.8865994	0.22670294
0.8864943	0.23465927
0.8865043	0.25907192
0.8864286	0.24408717
0.8865527	0.17684823
0.88667613	0.14247186
0.88668555	0.24328601
0.8866949	0.23340204
0.8867324	0.2451025
0.8866292	0.3119277
0.88669467	0.23877737
0.8867039	0.25569025
0.8868524	0.17601837
0.8868333	0.23156954
0.8868144	0.27487054
0.88687843	0.22075853
0.88694215	0.19981262
0.8868681	0.2765659
0.8868767	0.2742695
0.88696724	0.17399377
0.886812	0.3191242
0.8867935	0.28515357
0.8869377	0.18799275
0.887054	0.2242021
0.8870081	0.31456256
0.8868548	0.36161464
0.8869705	0.15637755
0.8871123	0.16821346
0.88706666	0.22299059
0.8872606	0.1465457
0.8872679	0.36054638
0.88738096	0.22410822
0.8875462	0.15176854
0.88760525	0.2379337
0.887664	0.21647297
0.887644	0.20874025
0.88767624	0.24451235
0.88773435	0.26338628
0.88776624	0.24675246
0.88784975	0.21930352
0.88793284	0.1783566
0.8879639	0.15956894
0.88804626	0.19828352
0.8882051	0.1784204
0.88831204	0.18823169
0.88831633	0.2624657
0.8883461	0.26512766
0.8884264	0.16575254
0.88850635	0.23653236
0.8885354	0.19535813
0.88848865	0.19349495
0.8884422	0.2702363
0.8884461	0.29691792
0.8884	0.28242669
0.8882793	0.3569178
0.8882089	0.32631195
0.88831264	0.1962112
0.8881188	0.35453227
0.8880741	0.24664468
0.8880788	0.25402158
0.8879852	0.30413428
0.8880637	0.22923048
0.8881418	0.20434523
0.8882927	0.15910684
0.8883455	0.17170347
0.8883738	0.25697276
0.88825667	0.35491958
0.88811594	0.30512667
0.88821685	0.17879826
0.8883173	0.19420394
0.8883693	0.26324508
0.88839716	0.21798585
0.8884248	0.26733205
0.8884762	0.23671362
0.88850355	0.17515673
0.8884834	0.24614915
0.88862884	0.1816306
0.8887028	0.21645996
0.8887059	0.2524066
0.888662	0.26101118
0.8886885	0.25001836
0.88878506	0.16791856
0.88869464	0.32022992
0.8887674	0.19753231
0.8888631	0.16241154
0.88881946	0.28707537
0.888776	0.32503262
0.88870966	0.22911905
0.88873565	0.20005135
0.8886927	0.31833354
0.88874143	0.22031516
0.8888128	0.18280342
0.8888383	0.20659196
0.8888864	0.20563564
0.88893425	0.21412903
0.8890272	0.18714797
0.8891648	0.13431484
0.88923424	0.20450062
0.88916856	0.27775797
0.8891704	0.21954456
0.8891275	0.2556676
0.8891518	0.21058778
0.88902	0.41661876
0.88895553	0.3407495
0.8890244	0.22659424
0.8890929	0.23050772
0.889117	0.21528406
0.8890969	0.2482161
0.88898903	0.2624635
0.8890351	0.20139436
0.8890372	0.24795103
0.88901746	0.22463062
0.8890196	0.27348605
0.88904345	0.2834921
0.889154	0.15674192
0.8891342	0.31499714
0.88898486	0.35265118
0.88900864	0.20872654
0.88903224	0.2478415
0.88907725	0.23688315
0.88916487	0.19778141
0.8892308	0.25810575
0.8892324	0.24060947
0.88925534	0.25443769
0.88934183	0.15403832
0.88927966	0.28271502
0.8892812	0.26295155
0.8892827	0.20285325
0.88938946	0.22486654
0.8893277	0.33651334
0.8892453	0.43118858
0.8892887	0.26792946
0.88924843	0.27574968
0.8892083	0.2560663
0.8892308	0.24710935
0.88923234	0.23468359
0.8892754	0.24098527
0.8891942	0.3486026
0.8890928	0.38352472
0.8891564	0.17534971
0.8893429	0.13324139
0.8893443	0.25965226
0.8893456	0.26798645
0.889449	0.20469075
0.889389	0.2990697
0.8894512	0.23763266
0.8893712	0.26189405
0.88939273	0.2499917
0.8893131	0.29655832
0.8894153	0.17891794
0.8894165	0.27704567
0.88941765	0.23765719
0.8893587	0.33422497
0.88946	0.18717116
0.88942116	0.23936388
0.8895418	0.18373771
0.88942343	0.29457766
0.8893254	0.31577978
0.8893663	0.19783193
0.8893083	0.24993773
0.88936883	0.18121928
0.8893307	0.33994335
0.8894303	0.14422181
0.88941175	0.2388567
0.88941294	0.2899617
0.8894531	0.18944542
0.88953215	0.1468931
0.8895331	0.2875009
0.889534	0.20807907
0.88955426	0.25551948
0.8895358	0.26760235
0.88945943	0.2408214
0.88924855	0.47628945
0.88921154	0.31968775
0.8892514	0.21997307
0.8893295	0.16585141
0.889369	0.267339
0.88938934	0.22733544
0.8893143	0.296959
0.8893346	0.21623535
0.8893359	0.18532126
0.88943183	0.21331714
0.8895085	0.16789101
0.8895283	0.29734915
0.8896045	0.1612906
0.88966167	0.19862507
0.8896998	0.19292465
0.8896067	0.30706674
0.88964486	0.15552373
0.8895709	0.34062898
0.8895903	0.20402738
0.8895725	0.26724023
0.8895176	0.3005896
0.8895	0.30529472
0.8895379	0.19233869
0.88961256	0.17715222
0.8896317	0.24625912
0.88954043	0.32107177
0.8896147	0.19771606
0.88961536	0.24947536
0.88957953	0.34502617
0.88959855	0.20181839
0.8895446	0.25284344
0.88963634	0.19264105
0.8896733	0.24180575
0.8896739	0.204248
0.8897649	0.23841259
0.8897834	0.23465198
0.88976574	0.26728404
0.88978416	0.25004613
0.8897846	0.2417413
0.88976705	0.23959924
0.88973165	0.25675833
0.8898036	0.19059524
0.88976824	0.30924797
0.88976866	0.29689932
0.88978684	0.23306991
0.8897695	0.26995397
0.889823	0.21927139
0.8897526	0.31848148
0.8897531	0.23590918
0.88973594	0.26830107
0.88973635	0.3365711
0.8897544	0.22155055
0.88977236	0.21253939
0.88975525	0.24451147
0.88963354	0.30640697
0.8896864	0.20153986
0.88966954	0.2810639
0.8897049	0.2844695
0.8896707	0.2900953
0.8897059	0.23691976
0.8896546	0.3087242
0.8895517	0.25427303
0.8895353	0.28401414
0.88958764	0.19953318
0.8895712	0.2649109
0.8896404	0.20407683
0.8896581	0.23825589
0.8897099	0.23278135
0.88971037	0.22739662
0.8898469	0.14436182
0.8898472	0.28476563
0.8897797	0.38002145
0.889797	0.23846501
0.8898142	0.25691858
0.88988197	0.18137665
0.88993263	0.23924667
0.8899832	0.24312422
0.889849	0.365675
0.88981575	0.2504478
0.8898495	0.19967325
0.88988316	0.3215373
0.88993335	0.17185682
0.8899168	0.27654645
0.88995016	0.24003014
0.8899834	0.18887286
0.8899834	0.24993342
0.8899008	0.28197464
0.8898845	0.24861431
0.8899341	0.23955558
0.8899342	0.23499884
0.8899836	0.17569323
0.8899672	0.25898677
0.8899018	0.2900545
0.8898693	0.22444986
0.8898206	0.25729966
0.8898697	0.24793838
0.8898049	0.25145936
0.8898701	0.21763952
0.88996756	0.18207626
0.88993526	0.2504502
0.89004844	0.1667964
0.8900484	0.2306188
0.8900966	0.23302642
0.8900965	0.25388515
0.8900803	0.25919148
0.8900481	0.35321736
0.890048	0.28314152
0.8901597	0.13782695
0.8901595	0.2474168
0.8902548	0.16670631
0.8902544	0.29292926
0.8902381	0.29558975
0.890259	0.14896077
0.8903537	0.14852208
0.8904164	0.18135186
0.8905263	0.12774019
0.89050967	0.30503485
0.8904459	0.34661052
0.8904924	0.25279042
0.8903974	0.31491652
0.8902714	0.37033376
0.8903179	0.19300854
0.8902862	0.27186117
0.89030135	0.24923609
