0.5	0.69959366
0.505	0.6972927
0.54	0.6746785
0.55	0.68145484
0.552	0.685961
0.5466667	0.69497496
0.55285716	0.67921364
0.565	0.6657103
0.56333333	0.6882199
0.571	0.6677676
0.57454544	0.6744805
0.5858333	0.6511686
0.58384615	0.68593305
0.5878571	0.6667505
0.5913333	0.6663983
0.588125	0.6909204
0.58705884	0.6834147
0.5872222	0.6782448
0.5873684	0.6781469
0.5865	0.68335044
0.5838095	0.6940682
0.5831818	0.68332964
0.5782609	0.710655
0.5804167	0.6668685
0.58	0.68331945
0.5792308	0.68609065
0.57703704	0.69724274
0.5742857	0.7028454
0.5751724	0.67496073
0.5736667	0.6944558
0.5732258	0.6860964
0.57375	0.67777026
0.57242423	0.6944015
0.57117647	0.6943728
0.57085717	0.68607223
0.5686111	0.7052451
0.56891894	0.6806071
0.5681579	0.6914401
0.5679487	0.68602127
0.567	0.6940093
0.5678049	0.67541397
0.56595236	0.7044111
0.5651163	0.6938052
0.56545454	0.68079793
0.56622225	0.6757026
0.56652176	0.68085265
0.56702125	0.6783293
0.566875	0.68594843
0.5681633	0.6682418
0.5682	0.68341494
0.5692157	0.670724
0.5705769	0.6655613
0.57113206	0.6756834
0.57092595	0.68597
0.5707273	0.6859795
0.56946427	0.7017675
0.56929827	0.68599236
0.57051724	0.6648535
0.5689831	0.7072658
0.5678333	0.7019645
0.5691803	0.66212416
0.5696774	0.6753725
0.57031745	0.67267555
0.5704687	0.68065757
0.57123077	0.6698595
0.57075757	0.6914719
0.5702985	0.6915109
0.5704412	0.6805851
0.5694203	0.7025542
0.56942856	0.68332106
0.56830984	0.70530045
0.56722224	0.70521986
0.56630135	0.70235014
0.5674324	0.6618069
0.568	0.67262673
0.56736845	0.6967022
0.5672727	0.68600607
0.5673077	0.6833498
0.56734174	0.6833539
0.5665	0.70178336
0.5651852	0.712146
0.5654878	0.6782034
0.5653012	0.6885256
0.56404763	0.7113987
0.5647059	0.6708726
0.5648837	0.6809585
0.56540227	0.67357546
0.5648864	0.69578254
0.5644944	0.6932768
0.5648889	0.6762033
0.5652747	0.676242
0.565	0.6907668
0.5647312	0.6907551
0.5642553	0.6955488
0.5643158	0.6835381
0.56354165	0.70260787
0.5639175	0.6764752
0.56285715	0.7094692
0.56313133	0.6789459
0.562	0.7113985
0.56237626	0.6768087
0.562451	0.68369156
0.56291264	0.6747218
0.5628846	0.68596596
0.5629524	0.6837344
0.5626415	0.69266135
0.56186914	0.7037616
0.5613889	0.6970175
0.56174314	0.6772463
0.5619091	0.68165153
0.5611712	0.7033336
0.5625	0.65377647
0.5620354	0.69678575
0.56245613	0.67523986
0.5616522	0.7054587
0.5617241	0.6838539
0.56119657	0.69893575
0.56135595	0.6817282
0.5611765	0.6903007
0.56125	0.6838911
0.5618182	0.6711129
0.5620492	0.67960775
0.5621138	0.6838646
0.5625	0.6751938
0.562	0.6990845
0.5615873	0.6969466
0.5615748	0.68598807
0.561875	0.67719626
0.5624031	0.67053556
0.56246156	0.683748
0.5622901	0.6904514
0.5617424	0.7017643
0.56180453	0.68369555
0.5619403	0.68142027
0.56162965	0.6950553
0.5616177	0.6859517
0.5610949	0.70191574
0.5608696	0.6927749
0.56021583	0.7063345
0.5594286	0.71064544
0.5593617	0.6881904
0.5595071	0.68163455
0.55944055	0.6881668
0.5605556	0.65186554
0.56075865	0.6796084
0.56061643	0.6903084
0.5615646	0.65590227
0.56135136	0.69252455
0.56161076	0.67721176
0.5616	0.6859764
0.5619205	0.67477363
0.56164473	0.69501734
0.56189543	0.67681223
0.5622078	0.6744058
0.56232256	0.6812662
0.5621795	0.6906597
0.5621019	0.6883169
0.5618987	0.69314665
0.562327	0.668998
0.5623125	0.6859308
0.5622981	0.6859327
0.5619753	0.6983187
0.56239265	0.6685405
0.5622561	0.69094396
0.56224245	0.6859428
0.5620482	0.69352007
0.56251496	0.6657078
0.5627976	0.6732264
0.563432	0.65774226
0.56358826	0.6781791
0.56385964	0.67283547
0.56406975	0.67534393
0.5643353	0.672518
0.5639655	0.70251876
0.56457144	0.65563613
0.56460226	0.6833151
0.5647458	0.6776378
0.5646067	0.69193345
0.56419	0.70649827
0.56416667	0.6862332
0.5639779	0.6949948
0.56417584	0.67457056
0.5637159	0.70964867
0.56358695	0.69207656
0.56313515	0.7094697
0.56317204	0.6822951
0.5628342	0.7033358
0.5630851	0.67199486
0.56322753	0.6776976
0.56305265	0.6944854
0.56350785	0.66113985
0.56354165	0.6833184
0.56357515	0.6833193
0.56363916	0.6566985
0.56372344	0.6805559
0.5637044	0.68608993
0.5636855	0.6860967
0.5636668	0.6861016
0.56390065	0.6721603
0.56357974	0.7029002
0.563362	0.6972963
0.56349444	0.6777406
0.5635761	0.6805333
0.5632139	0.7055602
0.56354105	0.66671634
0.563475	0.6888455
0.5635067	0.68331945
0.56348974	0.6804232
0.56342494	0.688814
0.5635998	0.6751087
0.56343997	0.69426394
0.5635184	0.6805979
0.5635489	0.6833264
0.5633915	0.6941961
0.563329	0.6887455
0.56373185	0.66175824
0.5637146	0.6860313
0.5637896	0.68063295
0.56377226	0.68603355
0.56375504	0.6860344
0.5633745	0.7076593
0.56299746	0.7075528
0.5632991	0.66165084
0.5637325	0.6594524
0.563582	0.6939749
0.56365496	0.6806946
0.5634619	0.69661176
0.5634026	0.68864214
0.5634315	0.6833556
0.5629801	0.7122776
0.56344515	0.6572952
0.5628245	0.7224159
0.56307083	0.67049295
0.56297183	0.6910874
0.5627883	0.6961462
0.562819	0.6834186
0.5629765	0.6759007
0.56300604	0.6834395
0.5626575	0.7058691
0.5628555	0.6735726
0.5629685	0.67854685
0.56279033	0.6957594
0.56269616	0.69082373
0.5624383	0.7005335
0.56205964	0.7076563
0.56201047	0.68831426
0.5617585	0.7000618
0.5616704	0.6905809
0.5618652	0.6745139
0.5620183	0.6768985
0.5620902	0.68146104
0.5620819	0.6859657
0.5621133	0.6778586
0.5618284	0.70156616
0.56182116	0.6859783
0.56157887	0.69919187
0.56176794	0.6750824
0.5619944	0.6729591
0.5619867	0.68009585
0.5620948	0.6794699
0.5620867	0.68009484
0.56219363	0.67942625
0.56210893	0.6903832
0.5617969	0.70362943
0.5618658	0.6815806
0.56200963	0.677178
0.5619645	0.68818885
0.56162024	0.705894
0.5615396	0.6903926
0.5616082	0.6815952
0.5618984	0.6684581
0.5621127	0.6727877
0.5620682	0.68819314
0.56206065	0.6859703
0.5619801	0.69045264
0.56200933	0.68370646
0.5621469	0.67689645
0.5621752	0.68366975
0.56220335	0.68364835
0.562088	0.69288385
0.5622947	0.6719883
0.5620376	0.6967863
0.56210124	0.6812336
0.5619879	0.6930112
0.56201607	0.68356943
0.562044	0.68356377
0.56231654	0.66721845
0.5618905	2.3789163
0.5617798	0.693207
0.561912	0.6761203
0.56187093	0.6884193
0.5618989	0.67767715
0.5618581	0.68290377
0.56174946	0.6829387
0.5614715	4.4994392
0.56143266	0.6885691
0.56159663	0.67285025
0.5617932	0.67003953
0.5619549	0.672535
0.56201524	0.6805825
0.5620752	0.68053854
0.5619354	0.6973866
0.56173044	0.70319253
0.5617247	0.6861684
0.5618177	0.6775936
0.5621067	0.65617007
0.5617405	0.7180527
0.5615069	0.9804214
0.56133974	0.94615465
0.56110895	0.70632124
0.56081516	0.711857
0.56087685	0.6804946
0.56064975	0.70564723
0.5607754	0.6750584
0.5609321	0.6724271
0.5608657	0.6914442
0.5607364	0.69674975
0.56079715	0.6750001
0.5608261	0.6833572
0.5611682	0.65723306
0.5607897	0.7173091
0.5606627	0.69633126
0.5608159	0.67313004
0.5609062	0.6783028
0.5610576	0.67409384
0.5609621	0.6935679
0.56111246	0.67327845
0.5610479	0.69102067
0.56064856	0.71335334
0.56052506	0.6959942
0.5607052	0.7364974
0.56055206	0.69832826
0.5603396	0.7031748
0.56036866	0.68349177
0.56027776	0.6931847
0.56024706	0.6883255
0.56015706	0.6930518
0.56021595	0.6812358
0.5601266	0.69293046
0.56048006	0.65822107
0.5601552	0.7113451
0.5601548	0.68594724
0.5601251	0.6882303
0.56024134	0.67689735
0.5601534	0.69273454
0.5598053	0.7129536
0.5599792	0.6726292
0.55989283	0.6926115
0.55980694	0.6925727
0.55975026	0.69035196
0.55957955	0.6989637
0.5594099	0.69883513
0.55955356	0.6755166
0.559923	0.65892005
0.5598667	0.6902392
0.55981076	0.6902412
0.560064	0.6672183
0.5602599	0.6712951
0.5602591	0.686027
0.56023055	0.6881654
0.55995226	0.7077334
0.5601462	0.6707553
0.5601182	0.68818146
0.5602556	0.67495865
0.55995274	0.71043885
0.5598707	0.69265074
0.5600896	0.66817826
0.5599259	0.6993785
0.5601706	0.66583896
0.5600076	0.69947106
0.5599265	0.6927303
0.5600076	0.6791847
0.5597925	0.7040684
0.5599271	0.67466825
0.55995405	0.6836972
0.56000745	0.6814263
0.5601138	0.67686427
0.56016654	0.6813787
0.5605099	0.6560395
0.5602184	0.7116043
0.56024414	0.68358773
0.56019104	0.69065565
0.56021667	0.6835603
0.5600856	0.6978406
0.55990314	0.7026209
0.5599034	0.6859314
0.55987775	0.68830115
0.5599297	0.6812101
0.5600072	0.6788604
0.5600843	0.6788568
0.5600328	0.6906614
0.5600583	0.6835655
0.5600581	0.68593186
0.5601089	0.68118376
0.5601847	0.67879057
0.56003237	0.7002721
0.56015855	0.67397714
0.5603344	0.669141
0.56030846	0.6883457
0.5602325	0.6932201
0.5604569	0.6639871
0.56050557	0.681015
0.5604546	0.69089586
0.56047827	0.68344235
0.5605018	0.68343043
0.5605993	0.67583877
0.56045014	0.7012282
0.5603508	0.6961703
0.5603009	0.69106406
0.5603979	0.6757474
0.56042135	0.6834005
0.5604933	0.67828256
0.56046784	0.68852377
0.56036985	0.6962375
0.56044143	0.6782597
0.5605608	0.6731192
0.5606316	0.67823404
0.56077385	0.67044204
0.56067634	0.69640076
0.56060314	0.69382936
0.5609112	0.6519265
0.56090903	0.6859949
0.5609068	0.68600607
0.5610938	0.6646026
0.5610205	0.6941402
0.5611592	0.66972923
0.561133	0.68880796
0.5610133	0.6998875
0.5611511	0.6694714
0.5611251	0.6888844
0.56116897	0.68052125
0.5612822	0.6720938
0.5614181	0.6692089
0.56159955	0.6634148
0.56164193	0.68044573
0.5617301	0.67461944
0.5617032	0.6891923
0.56169933	0.68629164
0.561627	0.6952373
0.5616916	0.67738074
0.5617559	0.67736197
0.5619333	0.66229796
0.56199676	0.6773091
0.5619471	0.6925376
0.5619202	0.68952227
0.5618934	0.6895453
0.5616874	0.7141867
0.5617284	0.6803237
0.56172454	0.6864397
0.56172067	0.6864209
0.5616947	0.6894314
0.5617131	0.68336225
0.5617756	0.6773548
0.5617055	0.6953082
0.56183386	0.6684799
0.5616101	0.71595544
0.5616724	0.6774519
0.5617562	0.67456377
0.5616869	0.69495726
0.56179214	0.67176175
0.56167954	0.7005944
0.5617627	0.6747362
0.5617589	0.68616354
0.5617982	0.6804806
0.5617728	0.68896365
0.5617475	0.688939
0.56178665	0.68051755
0.5619113	0.66938204
0.5619286	0.68331635
0.56179655	0.7027952
0.56187785	0.6750065
0.5619163	0.6805543
0.561658	0.71920174
0.5617391	0.6751116
0.56165105	0.69693255
0.56173176	0.6752335
0.56187516	0.6672256
0.56195503	0.6752922
0.56182545	0.70212466
0.56167555	0.7047451
0.5616096	0.69397306
0.5616894	0.67545533
0.5617481	0.6781266
0.5617445	0.68597746
0.5617409	0.6859731
0.561861	0.6704306
0.5618777	0.6833791
0.56185335	0.68856
0.5618086	0.6911473
0.56196845	0.66529185
0.5617808	0.7092928
0.56183827	0.67821586
0.5619564	0.67048424
0.5618916	0.69372416
0.5618878	0.68596697
0.5618032	0.6963051
0.5616383	0.70657974
0.56149423	0.70385724
0.56169194	0.6606634
0.56162846	0.69349474
0.5616052	0.68844175
0.56172174	0.6710174
0.5616984	0.6884174
0.56167513	0.68841
0.5617512	0.6760625
0.5617081	0.69086766
0.56164545	0.69332224
0.5616422	0.68593216
0.5615209	0.7006128
0.56134117	0.7078054
0.5612993	0.69073385
0.56133586	0.68118536
0.56129426	0.6906352
0.56121373	0.69524693
0.56113356	0.6951462
0.56113136	0.68595445
0.5611486	0.68372047
0.56097233	0.7059749
0.5607774	0.7078876
0.5607181	0.6924542
0.5606206	0.6965606
0.560581	0.69019914
0.5605033	0.69418234
0.56036854	0.69996893
0.5604823	0.674683
0.56044334	0.6900468
0.5604615	0.6844416
0.56051755	0.6808205
0.5604219	0.695477
0.56036437	0.6918006
0.5604203	0.6810494
0.5605513	0.6739842
0.56047505	0.6935472
0.5603992	0.69354767
0.5604171	0.68464607
0.5602295	0.70421684
0.56028503	0.68114245
0.5601728	0.69702667
0.56015384	0.6882189
0.5602092	0.6812487
0.56022733	0.68473744
0.56011605	0.69695884
0.5600605	0.6917122
0.5600788	0.68475014
0.56018895	0.6760595
0.56017023	0.68822044
0.5601333	0.68997467
0.56016964	0.68289506
0.5601693	0.6864145
0.56022364	0.6809896
0.56027776	0.6808963
0.560241	0.6900174
0.56014997	0.69563913
0.56018585	0.68250716
0.5602397	0.6805466
0.5603833	0.6708275
0.56036466	0.68814164
0.5604717	0.67420095
0.5603813	0.69626254
0.56054157	0.667542
0.56052274	0.6881501
0.56053966	0.6838823
0.5604853	0.69252455
0.5605377	0.67937064
0.5604659	0.69491005
0.56044734	0.6882171
0.56049955	0.67911875
0.5604458	0.69284636
0.56025136	0.7114247
0.56042665	0.6627979
0.56037325	0.69292337
0.5603726	0.6859367
0.5602496	0.70234466
0.5603015	0.6789151
0.56019646	0.69998693
0.5602309	0.68126905
0.5603346	0.6719549
0.5604034	0.6765884
0.56045455	0.6788859
0.5604538	0.6859324
0.56050473	0.67878944
0.5605383	0.68113256
0.5605545	0.68351156
0.56046784	0.6981179
0.5603985	0.69571817
0.5601757	0.7177632
0.5601072	0.6956487
0.56032836	0.65464956
0.56046385	0.66668504
0.560514	0.67867666
0.5604792	0.690797
0.5605968	0.6688224
0.5605621	0.69086266
0.5604768	0.6983353
0.5604423	0.69090754
0.5604416	0.68593687
0.5606254	0.65856725
0.5604066	0.7185215
0.56048954	0.6734319
0.56067234	0.65838605
0.56073785	0.67584604
0.56078655	0.6783069
0.5608849	0.67051625
0.56081706	0.69640136
0.56081575	0.6859874
0.560897	0.672765
0.5610935	0.65396833
0.56100935	0.6995868
0.56087613	0.707946
0.5608747	0.6860672
0.5608405	0.6915799
0.56088823	0.6778087
0.56083775	0.6943632
0.56077117	0.69711876
0.5606071	0.7135841
0.5605898	0.6887781
0.56060505	0.68333185
0.5607013	0.6699439
0.560684	0.6886777
0.56063443	0.69396555
0.5606818	0.67808145
0.56071293	0.6807355
0.56077605	0.675514
0.5607106	0.6964406
0.56085366	0.66252136
0.5608043	0.6938137
0.5607711	0.6912008
0.56080174	0.6807634
0.56076866	0.6911857
0.5607515	0.68857294
0.5606075	0.7093019
0.5607492	0.66282165
0.5608587	0.668001
0.56084156	0.6885319
0.5607614	0.6988298
0.5607917	0.6808249
0.56082183	0.68082964
0.56075776	0.6962158
0.5607566	0.6859559
0.5608806	0.6655504
0.5608323	0.69362456
0.56073743	0.7012937
