0.71	0.5267607
0.75	0.4929081
0.78	0.42842087
0.78	0.48565087
0.72	0.51534057
0.74	0.5201106
0.72	0.53600204
0.69	0.48376906
0.8	0.4592218
0.77	0.43193159
0.78	0.49793348
0.72	0.47908643
0.78	0.4771336
0.77	0.4968154
0.71	0.4803332
0.72	0.5133717
0.74	0.498997
0.78	0.45564178
0.75	0.51794946
0.73	0.5379137
0.77	0.4439887
0.74	0.48874828
0.8	0.40744957
0.77	0.4510593
0.78	0.429793
0.74	0.49592745
0.73	0.5207545
0.82	0.40043584
0.79	0.41682738
0.76	0.5251741
0.81	0.3905411
0.8	0.39938203
0.76	0.42936385
0.74	0.48090202
0.82	0.41851205
0.79	0.42517957
0.71	0.525022
0.77	0.42994386
0.74	0.52430826
0.72	0.5617974
0.82	0.39003372
0.68	0.5676983
0.84	0.3962687
0.74	0.4661807
0.78	0.44815367
0.75	0.526687
0.74	0.540162
0.78	0.47981507
0.71	0.52728117
0.81	0.34441584
0.8	0.42830077
0.76	0.49787116
0.81	0.43289796
0.76	0.4817991
0.78	0.44494113
0.77	0.4367882
0.79	0.42700648
0.77	0.43871322
0.8	0.47804913
0.78	0.41923627
0.72	0.526704
0.75	0.48815832
0.78	0.43723083
0.82	0.48469764
0.76	0.5688094
0.75	0.4969681
0.78	0.5268348
0.75	0.50849324
0.72	0.45292088
0.82	0.43055233
0.77	0.45303074
0.76	0.5199101
0.75	0.50311965
0.76	0.4542149
0.74	0.5230435
0.82	0.40792304
0.77	0.42932397
0.84	0.34049842
0.72	0.525133
0.72	0.5507238
0.72	0.5364407
0.84	0.35704064
0.71	0.5141898
0.82	0.4886255
0.8	0.43053126
0.79	0.4482651
0.74	0.5278049
0.81	0.43065375
0.7	0.53247416
0.83	0.44287232
0.8	0.42289943
0.8	0.4100944
0.82	0.4102436
0.75	0.4908515
0.81	0.4306315
0.79	0.41303855
0.78	0.4636804
0.78	0.4619495
0.85	0.38259965
0.75	0.46928132
0.7	0.561282
0.79	0.43060687
0.75	0.54052705
0.76	0.44149837
0.75	0.44320533
0.74	0.46284455
0.74	0.509503
0.75	0.4789117
0.71	0.548509
0.85	0.43120706
0.78	0.43530148
0.81	0.42642304
0.83	0.41624108
0.78	0.4145486
0.76	0.4336679
0.78	0.448295
0.78	0.47355866
0.8	0.43009445
0.72	0.4839734
0.75	0.46543217
0.83	0.45386276
0.84	0.38440362
0.81	0.42445305
0.74	0.45124447
0.75	0.47550422
0.77	0.43342125
0.81	0.41922075
0.85	0.38855582
0.7	0.50571805
0.73	0.49422437
0.8	0.4493942
0.72	0.54451764
0.81	0.41199347
0.8	0.43106353
0.78	0.43730178
0.8	0.48146954
0.75	0.50246465
0.75	0.44599912
0.81	0.43713778
0.82	0.40862796
0.83	0.49439603
0.69	0.5807764
0.72	0.5268716
0.79	0.42756516
0.82	0.41670156
0.72	0.471254
0.74	0.49597245
0.75	0.48257133
0.76	0.44279438
0.76	0.51316744
0.83	0.430437
0.86	0.38365823
0.8	0.4442057
0.79	0.4278162
0.73	0.50729835
0.75	0.47438085
0.75	0.45356238
0.75	0.4684192
0.78	0.47250384
0.8	0.39993235
0.8	0.47787666
0.74	0.49681908
0.76	0.4703127
0.76	0.47926438
0.71	0.5865099
0.77	0.4580285
0.74	0.45822638
0.82	0.43695277
0.77	0.46166506
0.77	0.44670197
0.77	0.4636808
0.73	0.4839283
0.77	0.42729995
0.77	0.4202472
0.78	0.4786404
0.85	0.36515522
0.81	0.41218773
0.77	0.44479915
0.78	0.4607998
0.66	0.66293776
0.74	0.4368087
0.72	0.5122184
0.74	0.52786183
0.76	0.45663464
0.74	0.4416661
0.68	0.547584
0.81	0.41649514
0.78	0.4624248
0.77	0.50370914
0.86	0.3801194
0.81	0.4099244
0.79	0.44295213
0.74	0.45080948
0.81	0.39735207
0.73	0.47979257
0.76	0.4490141
0.82	0.40216506
0.73	0.49691266
0.69	0.5347702
0.76	0.47532108
0.78	0.4604781
0.73	0.5353108
0.74	0.52429545
0.72	0.46634215
0.87	0.35575435
0.75	0.4483234
0.87	0.40582508
0.78	0.44465578
0.71	0.48269486
0.79	0.43286696
0.86	0.3593111
0.79	0.42432693
0.76	0.46004653
0.8	0.44710144
0.74	0.5392343
0.81	0.42967233
0.84	0.36975944
0.83	0.33599582
0.75	0.49664295
0.79	0.42501867
0.7	0.53905845
0.83	0.38778657
0.78	0.4490908
0.74	0.4753932
0.77	0.4514101
0.84	0.40533093
0.78	0.49397805
0.75	0.4522476
0.8	0.46383077
0.79	0.43335807
0.8	0.45812047
0.77	0.5152473
0.83	0.40087682
0.77	0.44453293
0.73	0.48889172
0.72	0.46926033
0.72	0.49540776
0.72	0.62372786
0.79	0.45798618
0.69	0.48999155
0.74	0.5223893
0.72	0.49255997
0.77	0.4300424
0.74	0.477826
0.75	0.46354443
0.78	0.46008393
0.78	0.45172748
0.78	0.41492027
0.77	0.42386883
0.81	0.44740075
0.8	0.39789075
0.8	0.42110378
0.82	0.38546145
0.77	0.48388335
0.73	0.48435792
0.8	0.47579232
0.76	0.47724524
0.73	0.50978446
0.81	0.42860156
0.72	0.5405586
0.74	0.5317894
0.76	0.417729
0.68	0.58338386
0.77	0.45635548
0.81	0.4425539
0.78	0.46213025
0.86	0.419134
0.81	0.40195101
0.75	0.4847403
0.72	0.5232415
0.79	0.41844603
0.75	0.48007774
0.78	0.46278206
0.76	0.4719049
0.76	0.53539276
0.85	0.36307728
0.77	0.41510537
0.7	0.5260701
0.85	0.3588021
0.78	0.42612335
0.81	0.41620892
0.67	0.59310037
0.83	0.38551435
0.77	0.38471535
0.74	0.492036
0.75	0.5872835
0.85	0.3873617
0.79	0.47949845
0.78	0.4105265
0.72	0.5276561
0.82	0.43936452
0.67	0.5781805
0.79	0.45313722
0.73	0.5008411
0.8	0.44852984
0.77	0.45525283
0.74	0.49743393
0.81	0.41912326
0.81	0.39390042
0.77	0.4322963
0.75	0.48668838
0.78	0.5083199
0.81	0.3982161
0.86	0.38276654
0.74	0.5193472
0.73	0.50851977
0.77	0.43312812
0.76	0.50055766
0.82	0.42607704
0.77	0.46707806
0.78	0.45151737
0.78	0.47384712
0.76	0.53192675
0.72	0.520791
0.8	0.39921907
0.69	0.6317238
0.8	0.46554756
0.83	0.4195926
0.78	0.45410073
0.77	0.43356106
0.73	0.51294035
0.76	0.51462466
0.88	0.3440634
0.73	0.5288701
0.81	0.41998369
0.85	0.3767301
0.76	0.44247803
0.8	0.4288058
0.83	0.40888423
0.75	0.46970835
0.74	0.5257127
0.8	0.34891942
0.86	0.37448865
0.8	0.38664857
0.75	0.48864093
0.74	0.4797815
0.76	0.44626382
0.75	0.46323273
0.8	0.42503494
0.81	0.40675983
0.85	0.37484267
0.75	0.4722475
0.8	0.48653606
0.74	0.4976936
0.78	0.4259199
0.8	0.4202119
0.69	0.5631377
0.77	0.4577033
0.76	0.49406156
0.84	0.3263005
0.79	0.44260806
0.75	0.50662297
0.8	0.431079
0.76	0.50461936
0.75	0.5207355
0.79	0.49934727
0.76	0.48524988
0.79	0.43315083
0.76	0.4544146
0.77	0.42773005
0.78	0.46770108
0.78	0.41564456
0.83	0.39827788
0.74	0.4812217
0.73	0.48309287
0.81	0.4108206
0.72	0.52314365
0.84	0.39903736
0.78	0.45984623
0.7	0.55209583
0.81	0.43982738
0.8	0.46826813
0.81	0.41775686
0.83	0.37413445
0.79	0.43426597
0.72	0.38386458
0.83	0.35716468
0.73	0.5130252
0.77	0.47350752
0.83	0.38592166
0.8	0.43902543
0.81	0.37344506
0.8	0.481187
0.79	0.38162693
0.71	0.5228046
0.79	0.3699448
0.74	0.49175376
0.73	0.5183336
0.8	0.4056963
0.72	0.51248163
0.83	0.4221717
0.85	0.37072694
0.77	0.4835118
0.79	0.42619935
0.74	0.5327776
0.73	0.48844653
0.77	0.48530388
0.78	0.44909942
0.76	0.4562165
0.74	0.4951805
0.82	0.46135628
0.83	0.45641637
0.81	0.4641446
0.75	0.4788214
0.77	0.470008
0.71	0.513035
0.73	0.46858048
0.73	0.5072314
0.77	0.41612533
0.78	0.46245885
0.7	0.541349
0.7	0.52815366
0.77	0.48537597
0.82	0.39380142
0.73	0.46533465
0.73	0.47816932
0.79	0.38696656
0.85	0.36099422
0.8	0.43323582
0.81	0.42441055
0.8	0.4534129
0.76	0.44240043
0.8	0.40551215
0.74	0.4541055
0.81	0.46374416
0.78	0.42129397
0.76	0.47841457
0.77	0.48216134
0.83	0.38878337
0.82	0.42813632
0.74	0.50034636
0.8	0.4153041
0.82	0.391669
0.76	0.42916107
0.76	0.47075117
0.79	0.45189807
0.79	0.40883866
0.82	0.3695686
0.76	0.47621387
0.72	0.491372
0.79	0.50626165
0.78	0.47791553
0.71	0.53491485
0.76	0.49279243
0.82	0.36967143
0.73	0.534073
0.83	0.35960445
0.82	0.39117417
0.79	0.43396634
0.78	0.46552104
0.75	0.47619617
0.75	0.47469738
0.77	0.51225805
0.81	0.38011923
0.82	0.44365624
0.75	0.50351775
0.81	0.4180366
0.74	0.50213975
0.76	0.456865
0.82	0.36704376
0.75	0.47940743
0.74	0.5341188
0.8	0.3855178
0.81	0.43298706
0.68	0.5587527
0.81	0.37428334
0.79	0.41576752
0.83	0.38245326
0.79	0.46828824
0.77	0.47231215
0.76	0.4872761
0.79	0.44431975
0.82	0.438801
0.77	0.5015724
0.82	0.38166508
0.76	0.4928727
0.75	0.4875797
0.79	0.4045493
0.81	0.39974076
0.76	0.50138927
0.77	0.4235349
0.81	0.39553225
0.75	0.47028366
0.76	0.48136926
0.7	0.531244
0.79	0.4706941
0.78	0.42585072
0.83	0.40958115
0.76	0.43204725
0.81	0.4194606
0.83	0.42735374
0.83	0.39478338
0.85	0.37574643
0.83	0.37099153
0.74	0.44626403
0.73	0.47997028
0.8	0.4039274
0.77	0.4501384
0.83	0.4070998
0.84	0.39059746
0.82	0.4215156
0.84	0.39638877
0.83	0.3709326
0.73	0.49678266
0.78	0.49474412
0.77	0.406508
0.82	0.4229814
0.8	0.41973126
0.71	0.47912925
0.73	0.47970665
0.78	0.41175377
0.74	0.49026054
0.79	0.43838826
0.86	0.3315057
0.82	0.42722625
0.82	0.45297492
0.81	0.42013368
0.73	0.53802073
0.77	0.46033546
0.75	0.44726166
0.79	0.4649953
0.81	0.4093338
0.77	0.42754036
0.81	0.38566047
0.72	0.5026327
0.83	0.4285688
0.75	0.45066643
0.76	0.5153989
0.72	0.50283605
0.76	0.43788216
0.82	0.4535364
0.82	0.40038812
0.81	0.3848299
0.76	0.529136
0.74	0.4481952
0.85	0.36028838
0.82	0.43524253
0.76	0.5194651
0.81	0.4093537
0.82	0.39899418
0.83	0.42503673
0.8	0.45663062
0.81	0.36485004
0.76	0.48998496
0.79	0.4031173
0.86	0.33763885
0.81	0.3888524
0.79	0.38655168
0.76	0.4702722
0.83	0.4751136
0.81	0.40864268
0.76	0.49299267
0.86	0.35734233
0.74	0.46192923
0.77	0.46543407
0.76	0.4816693
0.79	0.4512321
0.79	0.42130733
0.75	0.49954563
0.86	0.3948159
0.78	0.48391885
0.8	0.3851147
0.78	0.46166268
0.81	0.43987575
0.74	0.48130345
0.8	0.41469488
0.8	0.43475688
0.71	0.5514246
0.74	0.50717425
0.78	0.4499279
0.85	0.3309769
0.82	0.4039467
0.82	0.43696544
0.65	0.63724774
0.75	0.49808276
0.76	0.46106404
0.87	0.3558979
0.74	0.5218286
0.76	0.44489014
0.83	0.36213434
0.79	0.45503274
0.84	0.4157298
0.77	0.42595065
0.78	0.41131043
0.7	0.4778814
0.8	0.43714604
0.76	0.40645108
0.82	0.398215
0.81	0.40510148
0.65	0.6081535
0.7	0.55237675
0.76	0.48500288
0.84	0.39753297
0.85	0.39180854
0.77	0.49633417
0.76	0.5199884
0.78	0.44511798
0.76	0.5569594
0.77	0.51745945
0.82	0.39770675
0.78	0.437616
0.83	0.38844204
0.77	0.4263581
0.85	0.36590096
0.77	0.5544413
0.73	0.49672836
0.79	0.47889712
0.74	0.48060948
0.79	0.45708025
0.8	0.41287628
0.76	0.48651367
0.75	0.50371057
0.78	0.49764538
0.84	0.37594396
0.81	0.47408113
0.82	0.4158475
0.82	0.40655673
0.84	0.39845973
0.75	0.47397992
0.84	0.36267808
0.77	0.50340116
0.73	0.48670882
0.85	0.3831788
0.74	0.47273564
0.76	0.4616917
0.79	0.4049698
0.79	0.43103793
0.76	0.4977717
0.82	0.41751212
0.78	0.4605608
0.79	0.4720518
0.79	0.3966668
0.81	0.3892802
0.78	0.43774632
0.81	0.45860976
0.81	0.41276008
0.84	0.3786895
0.73	0.4956601
0.79	0.4128581
0.77	0.42212245
0.78	0.42941573
0.74	0.44292364
0.8	0.41899827
0.78	0.47598046
0.79	0.519402
0.84	0.40088204
0.79	0.43484062
0.74	0.50607574
0.8	0.3900197
0.84	0.32703018
0.77	0.49957123
0.72	0.5078709
0.82	0.3608874
0.82	0.4272364
0.74	0.41688988
0.76	0.45708546
0.84	0.3661405
0.8	0.37495148
0.78	0.39797792
0.83	0.40619057
0.8	0.4197107
0.76	0.47429863
0.5	0.6532177
0.8	0.4225675
0.78	0.45087036
0.85	0.40053433
0.86	0.35440162
0.78	0.45948687
0.85	0.37410343
0.76	0.4271242
0.85	0.35737702
0.84	0.3576928
0.78	0.45543456
0.8	0.42063773
0.81	0.4114274
0.8	0.36911038
0.8	0.41154864
0.81	0.39416993
0.79	0.39445743
0.84	0.44361445
0.76	0.43157533
0.79	0.40373176
0.82	0.43447995
0.84	0.34340924
0.78	0.5069889
0.75	0.5484988
0.87	0.3202155
0.79	0.41061077
0.79	0.44252473
0.76	0.47084105
0.78	0.4282855
0.65	0.59046125
0.8	0.45749244
0.79	0.46769336
0.78	0.43961552
0.83	0.38803568
0.77	0.43540108
0.77	0.48898804
0.82	0.43542385
0.79	0.39440778
0.83	0.39378604
0.75	0.47102234
0.8	0.4531787
0.74	0.55046695
0.77	0.48257515
0.81	0.40455112
0.73	0.55113566
0.78	0.41995212
0.82	0.3872874
0.75	0.5083815
0.83	0.4711588
0.73	0.52288395
0.78	0.44171187
0.83	0.46753275
0.84	0.3916758
0.77	0.45350575
0.82	0.3926578
0.8	0.3788436
0.76	0.46321845
0.72	0.48619175
0.83	0.3784387
0.8	0.38346562
0.74	0.48022246
0.74	0.4590935
0.83	0.3749939
0.74	0.45609656
0.84	0.3803024
0.81	0.3997234
0.82	0.40317932
0.74	0.48360807
0.81	0.42632324
0.78	0.4588451
0.81	0.41339165
0.72	0.4842833
0.76	0.45293367
0.78	0.42836598
0.78	0.40738517
0.8	0.37231904
0.83	0.36819333
0.71	0.5146918
0.81	0.3888806
0.84	0.39310113
0.87	0.35485145
0.72	0.50704145
0.73	0.5353186
0.78	0.40494484
0.72	0.5108802
0.74	0.48344392
0.75	0.5147379
0.88	0.34798986
0.85	0.38482988
0.84	0.36689037
0.82	0.38437593
0.79	0.46228164
0.81	0.41409537
0.89	0.3491715
0.75	0.47662362
0.85	0.378075
0.8	0.45784396
0.77	0.45842862
0.81	0.4015523
0.82	0.404656
0.83	0.40981233
0.79	0.35581252
0.77	0.47376433
0.87	0.37312344
0.76	0.42196128
0.81	0.42795968
0.79	0.49408036
0.81	0.4039331
0.81	0.38898453
0.85	0.34776494
0.79	0.40224415
0.76	0.41282126
0.8	0.42197776
0.82	0.38922268
0.78	0.40453908
0.77	0.49224895
0.79	0.42531928
0.77	0.50194097
0.78	0.430606
0.82	0.4113362
0.82	0.42492092
0.83	0.37213764
0.86	0.34394878
0.81	0.4241679
0.81	0.40123513
0.77	0.46841204
0.75	0.5044959
0.81	0.44556418
0.8	0.35186934
0.81	0.39277405
0.86	0.34274492
0.83	0.40177396
0.81	0.4387534
0.7	0.4820557
0.76	0.44871587
0.8	0.4486091
0.78	0.4083222
0.78	0.47575724
0.71	0.48173082
0.78	0.43368757
0.74	0.46086857
0.79	0.49786305
0.83	0.42012733
0.85	0.4172407
0.81	0.39616096
0.77	0.45529705
0.85	0.3580354
0.85	0.3862172
0.85	0.38728428
0.78	0.392758
0.86	0.3729038
0.74	0.5602536
0.76	0.4852268
0.88	0.3547542
0.79	0.40150863
0.8	0.44518816
0.79	0.4608819
0.78	0.43967324
0.83	0.39311227
0.77	0.46380684
0.76	0.5092333
0.78	0.44659078
0.82	0.3714335
0.82	0.38767347
0.83	0.39169446
0.79	0.43490994
0.8	0.37999833
0.73	0.51148504
0.85	0.3621024
0.75	0.45959628
0.79	0.42074913
0.77	0.421872
0.74	0.4151133
0.84	0.35555142
0.74	0.51464385
0.82	0.36418
0.79	0.38436413
0.82	0.3707747
0.82	0.38757324
0.79	0.4482645
0.77	0.42140868
0.75	0.5187397
0.83	0.372835
0.79	0.40295705
0.81	0.3970213
0.79	0.48000503
0.77	0.4350396
0.86	0.32965302
0.78	0.41984594
0.84	0.39632747
0.79	0.4167484
0.82	0.3531989
0.75	0.49815142
0.7	0.5227267
0.74	0.4758729
0.79	0.4512423
0.84	0.4307645
0.71	0.5601234
0.81	0.39089325
0.74	0.4740131
0.77	0.46241516
0.81	0.39994067
0.83	0.38282228
0.79	0.41981965
0.81	0.40724292
0.82	0.37204754
0.76	0.4273468
0.81	0.43964103
0.77	0.44124517
0.88	0.32910073
0.79	0.45792025
0.78	0.4986273
0.81	0.40657112
0.8	0.43293762
0.8	0.40107
0.82	0.37932914
0.8	0.40906483
0.81	0.39626598
0.75	0.50361377
0.77	0.4495287
0.7	0.53106153
0.8	0.39183608
0.8	0.42894408
0.78	0.42647198
0.79	0.4336732
0.79	0.38954204
0.78	0.42369747
0.78	0.3935318
0.76	0.45537156
0.86	0.3592896
0.76	0.46922028
0.76	0.5178605
0.84	0.38261697
0.8	0.4648605
0.74	0.43947488

