0.51	1.0426171
0.54	1.0146211
0.54	0.92259073
0.43	1.1035588
0.53	0.9517387
0.55	0.8997978
0.52	0.8484043
0.49	0.90306234
0.46	0.9577106
0.5	0.9148635
0.53	0.85505164
0.51	1.0764403
0.57	0.8793571
0.52	0.87287736
0.62	0.72983766
0.51	0.8802481
0.54	0.84517556
0.6	0.7754814
0.55	0.92518944
0.64	0.92201936
0.72	0.56767225
0.6	0.86871994
0.65	0.8385871
0.65	0.7281243
0.55	0.8608526
0.53	0.7687996
0.66	0.72272074
0.63	0.76757485
0.55	0.70867556
0.61	0.71691436
0.52	0.83330834
0.59	0.74180716
0.57	0.72634554
0.56	0.8016359
0.61	0.8189229
0.72	0.6292116
0.62	0.7458888
0.56	0.7258574
0.67	0.68420815
0.65	0.650611
0.59	0.7964101
0.61	0.7905203
0.59	0.73405325
0.61	0.789196
0.61	0.79275215
0.68	0.6115402
0.63	0.7294783
0.66	0.62900406
0.59	0.7050872
0.65	0.66055405
0.63	0.6507996
0.64	0.71906734
0.72	0.5818322
0.72	0.6148328
0.7	0.65841
0.57	0.78146994
0.62	0.7925224
0.61	0.748094
0.6	0.8008896
0.66	0.6626954
0.6	0.7675313
0.69	0.6075424
0.68	0.66259545
0.71	0.57249177
0.63	0.6820748
0.61	0.7506189
0.56	0.76750493
0.61	0.6230448
0.66	0.6410313
0.63	0.72095054
0.65	0.60179496
0.69	0.6370962
0.6	0.6883698
0.63	0.64963514
0.65	0.64925283
0.59	0.7360987
0.74	0.5597512
0.61	0.7369254
0.79	0.5209158
0.66	0.58844644
0.72	0.59311426
0.6	0.6802485
0.72	0.5237847
0.65	0.6242477
0.76	0.5401262
0.78	0.544689
0.7	0.6134304
0.64	0.632557
0.71	0.5938601
0.62	0.6829474
0.63	0.70409656
0.66	0.5994408
0.62	0.7292574
0.72	0.60277414
0.64	0.62874067
0.63	0.6585154
0.62	0.63991827
0.64	0.6378507
0.7	0.58797204
0.55	0.7018454
0.63	0.6799768
0.71	0.5884779
0.68	0.59026456
0.74	0.5908726
0.67	0.5640245
0.61	0.6894156
0.68	0.61390954
0.68	0.6860558
0.76	0.51533425
0.69	0.64229554
0.65	0.61577743
0.71	0.5612292
0.67	0.6685061
0.69	0.62405527
0.74	0.5840652
0.69	0.6079972
0.68	0.6624214
0.72	0.517225
0.64	0.6688868
0.66	0.6471516
0.68	0.567411
0.64	0.6546715
0.64	0.6461308
0.71	0.57250684
0.72	0.59364974
0.68	0.5633161
0.63	0.64618766
0.72	0.60076076
0.75	0.55138797
0.72	0.60696733
0.74	0.6107023
0.72	0.53642815
0.68	0.6577292
0.63	0.60055757
0.75	0.5307369
0.69	0.54195005
0.63	0.6654221
0.72	0.50693256
0.72	0.5637146
0.66	0.6026827
0.66	0.59685004
0.65	0.5755944
0.7	0.5984937
0.77	0.4840952
0.59	0.7067508
0.65	0.6562687
0.72	0.5567624
0.69	0.53448427
0.58	0.6180746
0.73	0.6104753
0.69	0.5953141
0.68	0.5822079
0.69	0.56565595
0.77	0.46120667
0.72	0.5476379
0.68	0.61889005
0.7	0.5498317
0.68	0.58176064
0.71	0.54430014
0.77	0.52166754
0.64	0.7028397
0.73	0.4867226
0.67	0.5704286
0.64	0.67932373
0.62	0.6036333
0.78	0.47077477
0.8	0.4779747
0.72	0.54931873
0.66	0.6071988
0.73	0.52515584
0.68	0.6648085
0.64	0.57986873
0.71	0.57709605
0.64	0.5895062
0.74	0.5072544
0.77	0.47085556
0.63	0.6331635
0.71	0.5913569
0.72	0.5415919
0.72	0.5604005
0.67	0.65202224
0.71	0.6300619
0.73	0.55627954
0.71	0.54480314
0.59	0.65366304
0.74	0.5353436
0.66	0.5873717
0.66	0.58964604
0.67	0.6569173
0.71	0.6187618
0.68	0.5831566
0.71	0.53130925
0.74	0.49643
0.65	0.5856154
0.79	0.398229
0.67	0.59895426
0.7	0.5290067
0.7	0.59508204
0.58	0.6675751
0.63	0.61552656
0.76	0.52389956
0.64	0.5464476
0.79	0.4812367
0.75	0.4651393
0.74	0.5219118
0.73	0.5571373
0.71	0.56879395
0.75	0.49307472
0.64	0.63524663
0.74	0.49718294
0.77	0.49847674
0.82	0.5128871
0.73	0.49795341
0.71	0.5240953
0.69	0.48237342
0.69	0.54466957
0.79	0.49562383
0.69	0.52837485
0.69	0.539115
0.67	0.58078665
0.75	0.47603714
0.74	0.49462807
0.75	0.501693
0.71	0.5296708
0.72	0.57887524
0.78	0.53555644
0.68	0.62486523
0.69	0.5413713
0.79	0.47585395
0.74	0.49690887
0.67	0.6351019
0.72	0.6040932
0.75	0.5391967
0.76	0.5663836
0.73	0.5387683
0.77	0.48147163
0.69	0.5932486
0.71	0.52822405
0.65	0.5449411
0.68	0.56557965
0.77	0.51759225
0.68	0.6344146
0.72	0.5420714
0.66	0.62444246
0.73	0.5413223
0.69	0.5851915
0.75	0.5251196
0.73	0.5497366
0.66	0.58922344
0.77	0.5173445
0.7	0.5313057
0.73	0.51502424
0.7	0.55065876
0.65	0.6029887
0.7	0.49992833
0.67	0.65979886
0.76	0.4844649
0.71	0.5666048
0.73	0.5900621
0.7	0.53765565
0.7	0.6022563
0.66	0.6302408
0.69	0.566901
0.7	0.53547055
0.77	0.47625652
0.79	0.5200835
0.64	0.5899002
0.68	0.53019875
0.68	0.56421745
0.76	0.42036942
0.74	0.5891849
0.72	0.5207045
0.69	0.55254006
0.69	0.55319816
0.72	0.4932495
0.73	0.5447918
0.76	0.44639838
0.7	0.61730427
0.71	0.50111777
0.71	0.51706386
0.75	0.5483864
0.76	0.50917196
0.7	0.60439265
0.77	0.4872122
0.72	0.48327672
0.78	0.48104262
0.71	0.5441698
0.76	0.51489073
0.69	0.58563346
0.69	0.6478819
0.67	0.565694
0.72	0.49184564
0.56	0.6970392
0.7	0.58633643
0.74	0.5321909
0.69	0.55331373
0.73	0.5063878
0.77	0.471653
0.71	0.53265554
0.76	0.47680846
0.72	0.5313269
0.68	0.5996057
0.62	0.61663127
0.73	0.53635633
0.65	0.58574057
0.75	0.4828381
0.68	0.6008352
0.7	0.5635104
0.73	0.51036966
0.71	0.5270062
0.73	0.50106394
0.72	0.5098513
0.8	0.46452194
0.68	0.5863356
0.68	0.526413
0.79	0.508613
0.74	0.55743796
0.75	0.50354123
0.69	0.58353615
0.67	0.529784
0.76	0.4798447
0.74	0.5009869
0.72	0.53294224
0.71	0.53651124
0.69	0.58913714
0.82	0.42559913
0.7	0.5422281
0.68	0.5658114
0.71	0.5900321
0.73	0.5395728
0.72	0.5204227
0.81	0.51250917
0.68	0.5124148
0.73	0.47768325
0.78	0.48300278
0.71	0.5525864
0.68	0.58021224
0.66	0.6128681
0.69	0.5655282
0.74	0.47014824
0.63	0.5722803
0.78	0.48067415
0.75	0.46511647
0.72	0.5669886
0.71	0.57372856
0.67	0.604283
0.7	0.52793676
0.81	0.45637223
0.74	0.5387111
0.75	0.5834722
0.71	0.5405578
0.72	0.5534356
0.73	0.54028714
0.7	0.57516515
0.71	0.5264599
0.75	0.49923694
0.76	0.5327021
0.74	0.5200593
0.72	0.5657017
0.78	0.42686915
0.66	0.5791571
0.84	0.42836684
0.74	0.5663098
0.75	0.49208084
0.75	0.51993895
0.87	0.39436024
0.7	0.55291706
0.72	0.55699617
0.77	0.4748274
0.76	0.5355325
0.8	0.40012074
0.79	0.4816569
0.73	0.5410479
0.7	0.5578842
0.79	0.4721113
0.77	0.45794377
0.69	0.530419
0.78	0.4447226
0.69	0.57942754
0.73	0.4685387
0.67	0.6060667
0.68	0.6452951
0.66	0.6685533
0.74	0.4949785
0.76	0.43430215
0.75	0.5861689
0.74	0.5456316
0.71	0.57662326
0.74	0.53806293
0.71	0.59388214
0.74	0.5096862
0.73	0.508515
0.68	0.55896413
0.73	0.46533734
0.72	0.5122545
0.75	0.48433104
0.79	0.4557754
0.71	0.54985434
0.7	0.5737672
0.83	0.42069557
0.72	0.5077864
0.71	0.5164353
0.72	0.57639563
0.79	0.5153143
0.75	0.5582069
0.75	0.5290978
0.71	0.5394283
0.78	0.5157396
0.69	0.53663903
0.78	0.4595337
0.81	0.45336905
0.68	0.58279
0.76	0.46518752
0.78	0.4655558
0.74	0.54567105
0.72	0.5620246
0.81	0.39637697
0.76	0.4977948
0.8	0.43596032
0.76	0.49376887
0.77	0.52846414
0.68	0.57336366
0.77	0.49212134
0.72	0.5535276
0.72	0.5317574
0.78	0.42318997
0.72	0.5064194
0.72	0.515371
0.67	0.61821294
0.73	0.53529537
0.73	0.5296505
0.74	0.51534367
0.8	0.42233634
0.64	0.6159037
0.74	0.48038307
0.71	0.5219259
0.74	0.47358072
0.76	0.46275216
0.66	0.56939715
0.71	0.5988328
0.81	0.47198674
0.77	0.4590658
0.7	0.5465723
0.77	0.47512084
0.7	0.55579466
0.76	0.45952275
0.7	0.49892253
0.75	0.5049909
0.77	0.4813113
0.73	0.523232
0.72	0.5094791
0.82	0.42197695
0.79	0.42341712
0.76	0.5357692
0.81	0.4132067
0.78	0.46861568
0.75	0.45971385
0.66	0.55399513
0.79	0.47149694
0.77	0.46069053
0.74	0.49604404
0.78	0.49137878
0.75	0.49062485
0.73	0.51119447
0.81	0.46859986
0.7	0.50719607
0.69	0.5723416
0.76	0.55527186
0.77	0.50514776
0.77	0.4721919
0.68	0.5809846
0.76	0.5031193
0.74	0.50460124
0.75	0.533435
0.74	0.47703674
0.71	0.5337837
0.79	0.5187654
0.72	0.56285715
0.79	0.46987712
0.75	0.47772998
0.8	0.4500819
0.76	0.50256926
0.79	0.49143332
0.72	0.5298148
0.77	0.4842387
0.66	0.57929915
0.84	0.4135977
0.7	0.54047686
0.76	0.4953282
0.71	0.5406875
0.82	0.4359237
0.76	0.44713753
0.73	0.51259404
0.75	0.515652
0.66	0.6454002
0.78	0.44810355
0.77	0.4743597
0.73	0.5803542
0.76	0.4629314
0.71	0.59682906
0.73	0.49318412
0.68	0.5519033
0.76	0.48551333
0.79	0.44799823
0.71	0.5639942
0.76	0.51331824
0.72	0.5268883
0.75	0.5088905
0.75	0.4943209
0.69	0.5650981
0.72	0.49490222
0.72	0.4857646
0.78	0.4813155
0.64	0.6132944
0.78	0.43714935
0.72	0.54726136
0.77	0.527994
0.68	0.5643503
0.85	0.41252106
0.72	0.51225835
0.8	0.41655898
0.73	0.47604468
0.68	0.5598085
0.76	0.5706253
0.73	0.5186043
0.69	0.52878493
0.75	0.48985317
0.73	0.531153
0.77	0.51137424
0.73	0.48812106
0.76	0.520457
0.77	0.49332106
0.81	0.44679603
0.79	0.47353053
0.72	0.54544044
0.86	0.41798824
0.76	0.48735425
0.7	0.5692502
0.76	0.46963474
0.72	0.5260087
0.8	0.4188108
0.71	0.5196769
0.83	0.39013577
0.72	0.47605404
0.73	0.54647756
0.81	0.3869452
0.78	0.45711803
0.73	0.53916806
0.82	0.4217727
0.82	0.43223664
0.67	0.56168866
0.74	0.5168472
0.69	0.5899407
0.8	0.47268498
0.8	0.43810356
0.79	0.42750064
0.72	0.5081172
0.81	0.4660653
0.78	0.51407945
0.75	0.4936617
0.76	0.46877286
0.72	0.5345156
0.78	0.4903363
0.82	0.41343144
0.72	0.5290504
0.71	0.48976895
0.73	0.5284922
0.74	0.4863712
0.74	0.49523938
0.76	0.4937376
0.74	0.47829792
0.69	0.56214255
0.69	0.59793496
0.75	0.51786685
0.75	0.53914094
0.74	0.49515843
0.66	0.6019289
0.79	0.45331913
0.8	0.4506303
0.73	0.4337175
0.78	0.45074847
0.77	0.4502495
0.81	0.4100219
0.81	0.4117786
0.82	0.364816
0.75	0.5423559
0.79	0.4392173
0.71	0.53814423
0.76	0.48100406
0.72	0.5349484
0.76	0.5331981
0.79	0.45523944
0.79	0.5184883
0.74	0.52130425
0.72	0.57182395
0.8	0.48266113
0.78	0.4984409
0.68	0.5974343
0.73	0.4780253
0.8	0.43053314
0.68	0.53774667
0.74	0.4223901
0.73	0.54662466
0.77	0.4728814
0.79	0.44985652
0.79	0.41521084
0.73	0.4951177
0.74	0.48742542
0.7	0.5345277
0.72	0.53390974
0.74	0.51951754
0.87	0.37973386
0.82	0.44130602
0.82	0.42281124
0.76	0.4552307
0.76	0.5162955
0.63	0.6459812
0.75	0.4300081
0.82	0.48439285
0.76	0.5238928
0.81	0.4339835
0.72	0.5176715
0.78	0.50968194
0.67	0.53391266
0.78	0.4588683
0.79	0.4514286
0.81	0.4602303
0.85	0.4540998
0.75	0.52217317
0.72	0.50030017
0.74	0.4744249
0.77	0.4219351
0.76	0.47187924
0.78	0.4700783
0.75	0.47982547
0.77	0.4539847
0.79	0.45440152
0.77	0.46959722
0.74	0.5229279
0.65	0.59076136
0.74	0.61866117
0.83	0.4368815
0.76	0.4799855
0.75	0.48662674
0.74	0.5983702
0.74	0.50992846
0.81	0.4344658
0.75	0.45034027
0.71	0.4940411
0.72	0.55002886
0.77	0.4714672
0.62	0.60612875
0.77	0.47480527
0.68	0.5266513
0.75	0.47159344
0.8	0.46783328
0.8	0.43779445
0.77	0.50072885
0.81	0.4634455
0.76	0.49422425
0.78	0.50622714
0.76	0.4949295
0.77	0.48209277
0.74	0.48117745
0.71	0.50802183
0.74	0.46488732
0.8	0.44200158
0.83	0.40710354
0.76	0.5353268
0.64	0.6829121
0.69	0.58205104
0.77	0.4496521
0.76	0.4620116
0.76	0.4843796
0.75	0.50297946
0.73	0.5031963
0.79	0.47303158
0.73	0.5242844
0.78	0.44186988
0.78	0.48205748
0.77	0.47379112
0.73	0.50464517
0.81	0.42238945
0.75	0.49954534
0.77	0.41470814
0.77	0.49540517
0.71	0.5720867
0.7	0.5317366
0.76	0.54426837
0.83	0.4177114
0.75	0.51725036
0.73	0.45770496
0.72	0.5240673
0.8	0.45846012
0.79	0.4323226
0.85	0.38440266
0.81	0.40873307
0.73	0.5043465
0.77	0.48351693
0.73	0.4720339
0.82	0.42825776
0.79	0.4449088
0.77	0.4293154
0.71	0.48973396
0.81	0.4297476
0.76	0.4806198
0.8	0.44635946
0.8	0.45526576
0.79	0.45031983
0.8	0.38893682
0.75	0.47681376
0.77	0.45276305
0.79	0.4088745
0.76	0.52719456
0.77	0.50827223
0.8	0.41696015
0.75	0.4885556
0.8	0.40290427
0.77	0.4939056
0.79	0.49508637
0.81	0.43583193
0.74	0.50126284
0.75	0.5023235
0.78	0.4436276
0.75	0.50643945
0.75	0.4848877
0.78	0.44796306
0.82	0.4673505
0.82	0.3952773
0.8	0.44393998
0.81	0.4730917
0.78	0.4767794
0.73	0.50709057
0.73	0.56128794
0.64	0.6588856
0.75	0.47344607
0.74	0.5188344
0.77	0.46928033
0.85	0.3614145
0.74	0.4703293
0.78	0.4569499
0.75	0.5318045
0.77	0.48451406
0.74	0.51032794
0.79	0.48531437
0.75	0.49799687
0.71	0.5008051
0.72	0.5374056
0.76	0.5367875
0.71	0.5034657
0.76	0.4854509
0.76	0.44834098
0.78	0.51370424
0.75	0.5029597
0.76	0.43755072
0.75	0.4832444
0.74	0.5292576
0.78	0.43074173
0.73	0.532193
0.82	0.4028506
0.75	0.491436
0.83	0.37648445
0.68	0.5989901
0.8	0.40976527
0.83	0.3977182
0.78	0.44250008
0.78	0.45834082
0.78	0.47091407
0.77	0.51306987
0.8	0.40337408
0.71	0.55137193
0.78	0.5049295
0.8	0.40311918
0.74	0.50538677
0.82	0.44313395
0.79	0.44424808
0.73	0.49852765
0.73	0.51817495
0.8	0.44406423
0.79	0.4272362
0.76	0.5276827
0.7	0.5569709
0.8	0.44163024
0.81	0.3989068
0.67	0.586492
0.73	0.542679
0.82	0.4274977
0.73	0.51341504
0.75	0.5703924
0.79	0.4224682
0.82	0.45671177
0.77	0.51554126
0.72	0.5670066
0.72	0.508111
0.78	0.451624
0.77	0.43030128
0.79	0.4707287
0.77	0.40182403
0.67	0.6592308
0.7	0.60602665
0.79	0.4472363
0.77	0.4451606
0.82	0.40350637
0.83	0.43388546
0.69	0.53397197
0.79	0.4333612
0.8	0.4070295
0.77	0.46956706
0.8	0.45785812
0.78	0.49463013
0.75	0.511711
0.74	0.503042
0.74	0.5331709
0.81	0.4199263
0.76	0.48465294
0.72	0.4953557
0.68	0.47929996
0.76	0.44283703
0.68	0.56110376
0.8	0.45598084
0.76	0.45995328
0.8	0.45303005
0.81	0.451808
0.79	0.45476714
0.76	0.55905414
0.86	0.39168143
0.76	0.4705315
0.75	0.51861703
0.77	0.5138244
0.75	0.5071844
0.7	0.5761429
0.81	0.43620414
0.81	0.46269563
0.68	0.5491019
0.82	0.42618722
0.76	0.47371945
0.8	0.42121947
0.71	0.5510621
0.7	0.52699196
0.75	0.47704887
0.78	0.4261282
0.8	0.43788445
0.73	0.48428023
0.79	0.45995045
0.8	0.45811057
0.75	0.46319622
0.82	0.43321687
0.74	0.49621296
0.73	0.59067786
0.71	0.5351649
0.76	0.47254723
0.77	0.4343299
0.82	0.39465863
0.76	0.4721883
0.83	0.39207312
0.76	0.46206218
0.77	0.46823028
0.66	0.5572847
0.72	0.4947562
0.69	0.5950621
0.75	0.5132356
0.71	0.53990316
0.8	0.45003623
0.76	0.48107156
0.74	0.5134318
0.79	0.39961022
0.83	0.43827206
0.8	0.4659599
0.78	0.47306323
0.77	0.49262488
0.74	0.5243139
0.76	0.44075328
0.82	0.40075496
0.72	0.5189947
0.77	0.48552713
0.81	0.45099574
0.82	0.40874702
0.72	0.5523542
0.74	0.5244793
0.75	0.5353777
0.77	0.46776676
0.75	0.49547058
0.83	0.42286345
0.8	0.42113218
0.72	0.47272405
0.78	0.4798286
0.82	0.41709092
0.78	0.4280421
0.7	0.5172647
0.7	0.4764949
0.7	0.49528676
0.83	0.4001474
0.78	0.44002178
0.81	0.40533683
0.81	0.46520585
0.83	0.35336456
0.77	0.44954965
0.82	0.4399282
0.79	0.3809082
0.79	0.4794366
0.84	0.40413532
0.84	0.44932792
0.74	0.47943917
0.8	0.44550046
0.74	0.47355458
0.78	0.48283428
0.82	0.4165396
0.76	0.485962
0.79	0.4526123
0.79	0.43400356
0.69	0.5588024
0.78	0.43688628
0.73	0.4916923
0.8	0.4114553
0.8	0.41375306
0.69	0.5122572
0.78	0.4300692
0.75	0.49345315
0.78	0.4670135
0.87	0.32608077
0.84	0.40840816
0.74	0.53918725
0.73	0.5432906
0.71	0.5837714
0.82	0.41051018
0.78	0.4252597
0.78	0.49964428
0.71	0.5494362
0.84	0.36830366
0.76	0.4891194
0.85	0.4992113
0.78	0.45398593
0.78	0.43737185
0.74	0.49597
0.81	0.41220498
0.79	0.4663485
0.78	0.5223089
0.81	0.41452122
0.76	0.46149457
0.81	0.43406564
0.77	0.4768169
0.78	0.45659474
0.81	0.41870278
0.68	0.5277501
0.71	0.53109705
0.81	0.40927705
0.78	0.44106957
0.78	0.430274
0.78	0.40295175
0.82	0.40616158
0.75	0.4970194
0.74	0.5229786
0.84	0.42770326
0.75	0.46812695
0.77	0.45268524
0.86	0.33889467
0.75	0.47712743
0.7	0.49927047
0.74	0.5789415
0.88	0.39945906
0.83	0.3714568
0.8	0.41819286
0.78	0.4495111
0.8	0.44933262
0.73	0.43641075
0.81	0.44763997
0.75	0.5209561
0.74	0.5585422
0.76	0.48085362
0.81	0.48149216
0.81	0.37241495
0.81	0.47870564
0.75	0.48511615
0.84	0.43298814
0.77	0.46820828
0.87	0.37545583
0.81	0.42041397
0.77	0.46128684
0.71	0.6153423
0.74	0.52923375
0.75	0.5007679
0.75	0.43848315
0.83	0.37483695
0.75	0.4825957
0.75	0.48208782
0.72	0.5226763
0.76	0.48572516
0.69	0.55323297
0.78	0.48766568
0.8	0.42817092
0.78	0.464972
0.86	0.36039275
0.77	0.44951442
0.72	0.54332066
0.76	0.5178129
0.76	0.41344398
0.76	0.47936276
0.83	0.405653
0.78	0.47668934
0.75	0.48109493
0.81	0.41620326
0.76	0.5067267
0.8	0.45359743
0.76	0.5010567
0.74	0.54335415
0.73	0.5128582
0.75	0.49439552
0.69	0.5675117
0.83	0.39340648
0.75	0.4323008
0.81	0.42259943
0.8	0.4492965
0.74	0.45996085
0.71	0.55916095
0.72	0.48082376
0.83	0.35819998
0.73	0.49047005
0.76	0.43410993
0.74	0.48204997
0.8	0.41557813
0.7	0.5374289
0.77	0.47270748
0.73	0.5245095
0.77	0.4424719
0.72	0.52667373
0.82	0.4577679
0.81	0.43082497
0.82	0.47353292
0.82	0.41887653
0.77	0.44233686
0.71	0.5288136
0.78	0.46313283
0.79	0.49628544
0.81	0.36252496
0.82	0.3903855
0.65	0.5311269
0.71	0.49137685
0.77	0.48250562
0.75	0.45010787
0.72	0.49235034
0.79	0.40174413
0.74	0.46658447
0.85	0.35818252
0.75	0.5224698
0.77	0.4882336
0.81	0.42831847
0.81	0.42347556
0.76	0.4619643
0.73	0.5561885
0.76	0.50884527
0.75	0.47292298
0.75	0.48432556
0.76	0.4806036
0.8	0.39855933
0.78	0.4543449
0.75	0.52485853
0.71	0.5118921
0.77	0.46815956
0.72	0.52352124
0.81	0.4351591
0.75	0.48564956
0.8	0.4238825
0.84	0.41356507
0.8	0.4273988
0.84	0.3839324
0.76	0.42827278
0.71	0.5290247
0.7	0.5726658
0.83	0.4041605
0.7	0.49726868
0.66	0.6194099
0.77	0.43329656
0.78	0.43052873
0.82	0.4401549
0.83	0.42526773
0.78	0.43981084
0.75	0.44174153
0.72	0.5312509
0.77	0.44627085
0.77	0.42732307
0.8	0.4094576
0.74	0.43862802
0.77	0.4354691
0.83	0.45708257
0.68	0.520261
0.82	0.42940417
0.74	0.5258682
0.76	0.42665717
0.83	0.36198238
0.74	0.46361732
0.73	0.5024081
0.75	0.46318752
0.85	0.3834212
0.72	0.49531093
0.67	0.5576945
0.77	0.4339876
0.73	0.57225204
0.77	0.52796465
0.82	0.41873893
0.81	0.45833766
0.86	0.38911057
0.78	0.48343268
0.76	0.5142582
0.8	0.4283416
0.72	0.556881
0.7	0.536538
0.78	0.47159478
0.78	0.45346874
0.76	0.48506963
0.75	0.5039435
0.79	0.4585992
0.83	0.4123021
0.72	0.58151877
0.7	0.52295935
0.75	0.53429693
0.77	0.4843952
0.74	0.47724387
0.79	0.43741435
0.69	0.46605778
0.72	0.5323127
0.84	0.3934385
0.71	0.5512185
0.79	0.46153882
0.74	0.48607564
0.76	0.4591391
0.86	0.35017285
0.72	0.49827725
0.81	0.42379314
0.82	0.40406838
0.77	0.4810263
0.74	0.44888046
0.76	0.43028724
0.83	0.41906157
0.73	0.50310165
0.84	0.39058915
0.85	0.35305157
0.84	0.35769573
0.75	0.44917342
0.77	0.46857646
0.87	0.30985135
0.7	0.533066
0.8	0.40819505
0.8	0.44844475
0.79	0.45091698
0.73	0.48665604
0.75	0.5332186
0.8	0.41944245
0.8	0.40721092
0.74	0.46327016
0.78	0.4222967
0.84	0.43581843
0.72	0.52951115
0.76	0.49798623
0.86	0.38992938
0.82	0.40224364
0.7	0.56317216
0.75	0.45919374
0.77	0.5005069
0.78	0.45243123
0.76	0.48493454
0.8	0.42544225
0.72	0.53759366
0.77	0.46238855
0.84	0.38800523
0.85	0.3427101
0.76	0.5154899
0.76	0.48696256
0.72	0.54774255
0.82	0.42153776
0.86	0.33876517
0.71	0.48969525
0.73	0.49870467
0.73	0.50096077
0.77	0.4374206
0.77	0.45947552
0.73	0.5327377
0.83	0.4168164
0.72	0.46926638
0.76	0.44923875
0.82	0.42204398
0.75	0.45555773
0.8	0.50744134
0.79	0.4495577
0.83	0.3887607
0.83	0.4041053
0.71	0.55393046
0.76	0.41189235
0.74	0.48540127
0.73	0.5158239
0.85	0.3755388
0.78	0.3922498
0.79	0.42945945
0.84	0.38996783
0.75	0.4421131
0.78	0.43257323
0.87	0.34695157
0.81	0.3840167
0.81	0.41042587
0.81	0.4407959
0.78	0.4700333
0.82	0.36930123
0.75	0.43067524
0.81	0.42201385
0.85	0.35187995
0.84	0.40193543
0.79	0.41705373
0.88	0.34398514
0.79	0.40358186
0.83	0.3642322
0.77	0.47061244
0.82	0.4573626
0.78	0.46130943
0.74	0.5114601
0.79	0.42064214
0.73	0.5255204
0.78	0.45922238
0.81	0.38708663
0.78	0.4524113
0.75	0.55057496
0.77	0.4685873
0.76	0.49042892
0.81	0.39538193
0.81	0.3848504
0.82	0.38236064
0.79	0.49670827
0.8	0.3646125
0.79	0.481889
0.8	0.43329972
0.83	0.42881268
0.81	0.44642723
0.76	0.49854836
0.81	0.38150805
0.79	0.48627713
0.82	0.41450742
0.82	0.41055143
0.82	0.40531522
0.79	0.44259575
0.79	0.48239297
0.72	0.548173
0.8	0.4125601
0.84	0.40246668
0.8	0.4521867
0.81	0.44766137
0.76	0.45286006
0.79	0.4011906
0.83	0.4008589
0.77	0.43986318
0.83	0.36204338
0.79	0.4417922
0.76	0.43354467
0.74	0.44505796
0.76	0.46449295
0.79	0.47102627
0.72	0.48511833
0.78	0.38976803
0.81	0.4052
0.83	0.39927387
0.78	0.40868577
0.81	0.4857409
0.74	0.49225566
0.78	0.40706235
0.71	0.50264144
0.79	0.45701236
0.79	0.43394583
0.85	0.36554825
0.8	0.40400678
0.83	0.4047003
0.8	0.4319062
0.75	0.47811878
0.75	0.40866742
0.69	0.49051452
0.81	0.40731522
0.84	0.37669182
0.84	0.38517475
0.75	0.48135948
0.76	0.4753038
0.68	0.57131386
0.8	0.4006353
0.86	0.36275676
0.75	0.5056263
0.81	0.42879593
0.76	0.46290168
0.82	0.3915714
0.77	0.5221675
0.81	0.44651708
0.87	0.35777053
0.72	0.50650835
0.78	0.42635226
0.88	0.32822132
0.67	0.59914106
0.78	0.40654156
0.85	0.36488503
0.82	0.36577523
0.7	0.602597
0.75	0.484733
0.79	0.45344678
0.77	0.44635105
0.83	0.40577626
0.83	0.37882683
0.79	0.45443562
0.81	0.41034505
0.78	0.47274914
0.79	0.41585532
0.74	0.5100201
0.76	0.5145917
0.87	0.31648353
0.74	0.47066593
0.79	0.44667205
0.84	0.39127785
0.74	0.54972947
0.75	0.40982577
0.85	0.4085007
0.77	0.424615
0.8	0.40886727
0.79	0.4652072
0.81	0.38658822
0.69	0.6735279
0.75	0.48726898
0.76	0.4908128
0.78	0.42869785
0.76	0.47189507
0.8	0.4234646
0.8	0.41959336
0.79	0.39248368
0.75	0.5192385
0.84	0.41214994
0.76	0.44597322
0.81	0.46263883
0.83	0.43862447
0.77	0.46439588
0.77	0.39846152
0.79	0.40806976
0.77	0.4293206
0.78	0.49263856
0.75	0.4748389
0.77	0.55610484
0.79	0.43558225
0.79	0.46701634
0.79	0.42894006
0.76	0.4642764
0.76	0.48580185
0.77	0.4960112
0.76	0.48570344
0.71	0.5031861
0.75	0.48036304
0.81	0.4189938
0.75	0.49667594
0.76	0.4528939
0.79	0.39722386
0.75	0.4960047
0.73	0.5534752
0.81	0.4193956
0.76	0.48034346
0.79	0.43620616
0.83	0.4145915
0.76	0.44287673
0.89	0.33872947
0.74	0.57937574
0.77	0.48438781
0.79	0.46655118
0.75	0.49416083
0.74	0.4618168
0.76	0.44332233
0.83	0.38964853
0.76	0.46353936
0.81	0.4036654
0.77	0.39745438
0.84	0.4181546
0.76	0.45927823
0.77	0.43678397
0.8	0.4285067
0.83	0.38468823
0.73	0.5925301
0.77	0.4740635
0.82	0.3868779
0.8	0.41387343
0.8	0.48311087
0.77	0.44239864
0.79	0.44197285
0.86	0.39450577
0.82	0.39040074
0.77	0.49137837
0.78	0.4299841
0.77	0.45603395
0.79	0.48661363
0.8	0.46965158
0.82	0.44886693
0.74	0.47264606
0.85	0.37652
0.86	0.35300037
0.74	0.4818641
0.8	0.43630874
0.76	0.5137012
0.83	0.38833645
0.76	0.48552483
0.81	0.42966652
0.79	0.4516896
0.76	0.43881515
0.81	0.4253472
0.78	0.44654986
0.79	0.42852214
0.79	0.42232046
0.81	0.45811275
0.77	0.41893265
0.76	0.4538347
0.7	0.57941276
0.79	0.45531195
0.76	0.44357717
0.79	0.47508633
0.84	0.3699493
0.86	0.3786759
0.87	0.35934553
0.79	0.45558754
0.78	0.46572277
0.84	0.37047592
0.73	0.4731026
0.81	0.43928313
0.83	0.4063752
0.81	0.4040831
0.77	0.45214567
0.77	0.43871272
0.76	0.4635854
0.75	0.438635
0.74	0.5491023
0.81	0.44375935
0.75	0.40722272
0.77	0.4545007
0.83	0.4157347
0.78	0.44002602
0.8	0.42390183
0.82	0.37460288
0.8	0.3663812
0.82	0.40905178
0.8	0.43391052
0.81	0.44261196
0.82	0.4281146
0.75	0.49393022
0.76	0.4777163
0.77	0.4594729
0.75	0.49920994
0.85	0.41984078
0.7	0.54334235
0.8	0.46776715
0.8	0.4327879
0.79	0.41370627
0.77	0.44225857
0.78	0.40784332
0.81	0.4864483
0.75	0.46403378
0.78	0.44820088
0.77	0.48116523
0.81	0.4578117
0.77	0.47188386
0.79	0.45036075
0.74	0.52822274
0.81	0.46425492
0.81	0.41069266
0.76	0.5151236
0.7	0.5146338
0.74	0.48179862
0.77	0.46673912
0.78	0.43311137
0.8	0.37317574
0.77	0.50804216
0.83	0.5064621
0.85	0.39859173
0.78	0.44718093
0.79	0.45598572
0.76	0.52355695
0.82	0.4006971
0.75	0.4737843
0.81	0.4319263
0.74	0.45738116
0.75	0.51344705
0.77	0.4259103
0.82	0.38081056
0.78	0.41712397
0.83	0.40808564
0.81	0.40174195
0.85	0.37507552
0.73	0.5481895
0.79	0.42954323
0.89	0.3329652
0.78	0.44407463
0.74	0.45778292
0.8	0.41443813
0.71	0.5424025
0.76	0.5002565
0.81	0.39043662
0.76	0.47396648
0.82	0.4007326
0.83	0.354314
0.77	0.44200027
0.75	0.45060998
0.81	0.48453277
0.83	0.39837396
0.73	0.51029
0.74	0.53587073
0.73	0.487416
0.8	0.41674924
0.74	0.4296851
0.76	0.49749175
0.84	0.37962297
0.87	0.3350391
0.83	0.40212083
0.76	0.47297546
0.71	0.5109343
0.81	0.42220575
0.75	0.50303656
0.82	0.42279342
0.8	0.4310364
0.72	0.46549556
0.74	0.5335234
0.84	0.43461192
0.77	0.43151975
0.84	0.3723297
0.73	0.485895
0.85	0.32211158
0.75	0.49964824
0.8	0.4631006
0.82	0.38678715
0.74	0.5061284
0.76	0.5036986
0.81	0.39631358
0.82	0.44791004
0.78	0.38503575
0.85	0.3480413
0.76	0.46144354
0.75	0.47887307
0.76	0.48086986
0.71	0.5071419
0.83	0.47377557
0.81	0.37013704
0.74	0.48356605
0.78	0.40367347
0.81	0.43264714
0.74	0.5195736
0.82	0.45915484
0.81	0.4476875
0.76	0.47905174
0.77	0.46476078
0.81	0.41514742
0.83	0.39013836
0.81	0.39951813
0.78	0.4582251
0.77	0.40542686
0.79	0.40681878
0.86	0.39071333
0.73	0.423461
0.74	0.52540916
0.73	0.53266174
0.75	0.5436015
0.78	0.46104777
0.84	0.33186808
0.82	0.38267314
0.8	0.42684853
0.82	0.436334
0.84	0.3740238
0.82	0.4182092
0.76	0.5271607
0.77	0.41731998
0.84	0.35352743
0.7	0.47589055
0.73	0.47017944
0.71	0.50419545
0.8	0.40318587
0.77	0.41542363
0.82	0.41992587
0.83	0.42358398
0.72	0.60298806
0.76	0.4681801
0.84	0.34275067
0.69	0.5565012
0.8	0.42384735
0.82	0.36506283
0.83	0.42056412
0.77	0.4738448
0.75	0.46816358
0.84	0.38495818
0.8	0.42748728
0.75	0.49276504
0.79	0.402697
0.74	0.46383423
0.79	0.4444265
0.8	0.4329096
0.75	0.45893317
0.85	0.37395412
0.76	0.4831307
0.71	0.47715837
0.86	0.36460724
0.71	0.51859134
0.82	0.3705074
0.72	0.4797692
0.77	0.5103963
0.73	0.50796384
0.71	0.53243196
0.85	0.4082759
0.8	0.38375905
0.78	0.45708725
0.81	0.41642764
0.82	0.4007882
0.83	0.405864
0.79	0.44534454
0.8	0.42172945
0.76	0.46792734
0.89	0.32577667
0.8	0.46162343
0.74	0.47077847
0.81	0.40606496
0.83	0.4215742
0.83	0.34576902
0.91	0.30888614
0.78	0.44196552
0.76	0.44998413
0.83	0.40806645
0.74	0.47805324
0.85	0.3809705
0.82	0.40854192
0.75	0.44945803
0.77	0.44829854
0.83	0.3606642
0.82	0.4330476
0.86	0.394327
0.77	0.43939576
0.82	0.39059308
0.84	0.4347314
0.8	0.40713745
0.8	0.4363099
0.81	0.3736782
0.79	0.4158517
0.78	0.3857028
0.8	0.42045993
0.83	0.42086244
0.81	0.41420352
0.8	0.45274627
0.78	0.51392496
0.75	0.4307211
0.86	0.33153838
0.86	0.4071575
0.73	0.46529853
0.74	0.5421125
0.82	0.3951295
0.71	0.5065072
0.84	0.34810668
0.74	0.4744151
0.74	0.49578595
0.8	0.38807416
0.81	0.41454247
0.79	0.4214249
0.76	0.44566342
0.79	0.4711843
0.78	0.43242016
0.85	0.3409753
0.72	0.47596443
0.83	0.42200044
0.81	0.38951626
0.82	0.40391433
0.83	0.3942919
0.85	0.37785614
0.8	0.43061516
0.74	0.5130188
0.82	0.34942767
0.77	0.40861398
0.76	0.44281742
0.8	0.3917379
0.82	0.38191596
0.76	0.4556058
0.8	0.3765402
0.77	0.45026615
0.74	0.4967012
0.74	0.4928051
0.72	0.61410517
0.85	0.37645438
0.77	0.5420594
0.81	0.4144265
0.8	0.45163524
0.82	0.4032078
0.77	0.45799568
0.75	0.48452693
0.84	0.42381233
0.8	0.43631035
0.72	0.5250422
0.82	0.39078537
0.79	0.44675386
0.74	0.47143668
0.82	0.39689863
0.79	0.45295992
0.8	0.514362
0.79	0.4200926
0.79	0.41817936
0.77	0.40337738
0.84	0.34524137
0.75	0.4569935
0.78	0.37775153
0.77	0.45034844
0.87	0.31352863
0.74	0.46754655
0.79	0.45913583
0.78	0.42132527
0.76	0.46599594
0.78	0.415276
0.78	0.48034945
0.76	0.44697043
0.81	0.42755872
0.82	0.40373287
0.8	0.43858826
0.8	0.3957957
0.79	0.4889148
0.82	0.42588836
0.81	0.42181602
0.81	0.48857835
0.77	0.47540626
0.84	0.35158226
0.77	0.42216694
0.82	0.38897455
0.64	0.6177125
0.83	0.41301495
0.8	0.46385315
0.78	0.44574618
0.78	0.43466258
0.86	0.35587043
0.78	0.49507636
0.73	0.48272628
0.79	0.45445678
0.73	0.42886582
0.72	0.4583675
0.74	0.4809238
0.81	0.41042382
0.82	0.40519428
0.76	0.44139957
0.73	0.47147164
0.8	0.42120644
0.78	0.439682
0.8	0.40242812
0.78	0.4927819
0.86	0.33789036
0.81	0.42555282
0.82	0.3762692
0.8	0.3940421
0.82	0.38890803
0.75	0.46975425
0.8	0.37825465
0.7	0.48090923
0.76	0.42069486
0.81	0.3867575
0.79	0.44208434
0.8	0.38106918
0.78	0.43831405
0.75	0.45971242
0.8	0.3732737
0.79	0.46714333
0.8	0.45003754
0.75	0.4511058
0.77	0.45603788
0.76	0.434366
0.76	0.44331214
0.82	0.38699782
0.82	0.36742005
0.78	0.45534396
0.79	0.4469498
0.75	0.42350414
0.83	0.38286573
0.76	0.47269043
0.81	0.39379513
0.85	0.36955556
0.83	0.3818703
0.82	0.47066978
0.83	0.37426272
0.77	0.4614453
0.8	0.4130515
0.79	0.5152514
0.82	0.41564474
0.77	0.44263762
0.8	0.42334676
0.77	0.45648155
0.78	0.43094188
0.81	0.44470704
0.78	0.51386964
0.77	0.47135445
0.79	0.4422877
0.79	0.43572316
0.75	0.48620874
0.78	0.46535313
0.79	0.41986495
0.79	0.4330619
0.82	0.42014304
0.75	0.48867854
0.81	0.40215957
0.81	0.4325534
0.73	0.5211275
0.77	0.49318364
0.77	0.46794847
0.78	0.47122794
0.81	0.38042718
0.76	0.42940736
0.71	0.49235108
0.72	0.5590953
0.85	0.36724243
0.82	0.46966168
0.79	0.41920602
0.73	0.5248333
0.75	0.48491707
0.86	0.35714856
0.84	0.3739894
0.74	0.47917327
0.85	0.35846242
0.78	0.45275193
0.86	0.35666674
0.74	0.5164065
0.78	0.46447948
0.83	0.38160974
0.85	0.37217566
0.79	0.48109952
0.81	0.4030897
0.85	0.38361585
0.85	0.38687742
0.77	0.47053143
0.78	0.46675283
0.76	0.44689298
0.79	0.4262985
0.73	0.5348391
0.84	0.34055617
0.72	0.5125569
0.7	0.46524712
0.81	0.40192974
0.84	0.41188705
0.83	0.3872253
0.84	0.40092465
0.8	0.42538464
0.83	0.4092952
0.81	0.4602544
0.79	0.4207242
0.79	0.38922346
0.82	0.45564505
0.77	0.4588077
0.74	0.5181025
0.78	0.42762855
0.84	0.33518997
0.79	0.39786926
0.81	0.38826892
0.74	0.42584595
0.79	0.37103286
0.76	0.5426643
0.76	0.47068846
0.84	0.3476018
0.83	0.4097992
0.77	0.4777408
0.7	0.5482777
0.8	0.46015847
0.71	0.5453989
0.8	0.4277853
0.82	0.3624525
0.8	0.40989724
0.81	0.41906407
0.86	0.28930604
0.83	0.36465558
0.78	0.47355083
0.79	0.42853272
0.87	0.34520927
0.76	0.49641702
0.76	0.4374428
0.84	0.35052657
0.87	0.34631854
0.77	0.45984474
0.79	0.3910182
0.77	0.40361446
0.86	0.35567352
0.82	0.38413322
0.84	0.4436827
0.79	0.42834213
0.8	0.44015062
0.87	0.34488782
0.78	0.37314364
0.76	0.4347933
0.77	0.450587
0.81	0.3996123
0.78	0.4500565
0.84	0.39326367
0.82	0.36828178
0.82	0.42812195
0.8	0.43829033
0.74	0.49278605
0.82	0.40787223
0.73	0.48597175
0.76	0.5070161
0.79	0.46126056
0.82	0.38938743
0.76	0.49088737
0.82	0.39578953
0.71	0.507903
0.76	0.45386463
0.78	0.44375476
0.8	0.45131457
0.8	0.39632928
0.75	0.4526164
0.75	0.45503694
0.76	0.48391178
0.75	0.47239044
0.83	0.37534165
0.76	0.47962463
0.82	0.3926926
0.78	0.46242246
0.78	0.4202683
0.77	0.45220488
0.88	0.303675
0.8	0.42813018
0.82	0.4123087
0.77	0.41561303
0.84	0.40811008
0.78	0.4724037
0.81	0.39980844
0.74	0.46510395
0.79	0.36686775
0.84	0.3907295
0.8	0.408881
0.89	0.2887185
0.85	0.34936282
0.7	0.51877314
0.77	0.4304335
0.84	0.37858838
0.75	0.50380105
0.85	0.35141662
0.81	0.46398813
0.82	0.36697873
0.8	0.39067727
0.85	0.3277197
0.78	0.45251647
0.79	0.3662217
0.76	0.49520156
0.9	0.2883947
0.83	0.4091235
0.8	0.40593487
0.83	0.40875247
0.83	0.45117524
0.78	0.37435704
0.82	0.3792933
0.78	0.49111927
0.75	0.44383517
0.73	0.4832143
0.8	0.45868838
0.81	0.38176337
0.75	0.42960793
0.73	0.52316916
0.77	0.4775174
0.82	0.41838017
0.82	0.42486957
0.84	0.35647732
0.7	0.44623622
0.79	0.43375805
0.79	0.4448526
0.76	0.43317536
0.77	0.5131157
0.87	0.3437417
0.75	0.500744
0.81	0.42699
0.8	0.4405755
0.76	0.41456562
0.85	0.30186394
0.8	0.41238266
0.76	0.49629197
0.8	0.4449892
0.84	0.39482108
0.78	0.4053369
0.81	0.39602992
0.87	0.35981536
0.85	0.346965
0.75	0.49370804
0.8	0.43169978
0.85	0.39236644
0.77	0.43838012
0.79	0.39399028
0.79	0.40666604
0.77	0.4836446
0.72	0.5722308
0.74	0.48829463
0.74	0.47777826
0.83	0.3822528
0.81	0.41315928
0.82	0.4080003
0.85	0.41900092
0.77	0.4650371
0.79	0.4551781
0.76	0.45512462
0.77	0.4725718
0.83	0.3891757
0.78	0.44571975
0.78	0.44770116
0.83	0.3877745
0.83	0.34442914
0.78	0.3859467
0.87	0.3832579
0.76	0.46884182
0.75	0.5095513
0.78	0.4502429
0.81	0.40403417
0.79	0.4394966
0.76	0.521412
0.8	0.41298962
0.72	0.49874482
0.82	0.37687114
0.77	0.41628358
0.75	0.46075016
0.81	0.42628905
0.81	0.45658702
0.84	0.37974492
0.89	0.30246532
0.81	0.3688091
0.8	0.46835327
0.76	0.4544374
0.88	0.33712757
0.82	0.37944552
0.79	0.43013814
0.81	0.42920375
0.78	0.42867196
0.81	0.39920303
0.81	0.36315492
0.81	0.39663324
0.84	0.35766307
0.8	0.39190784
0.8	0.3686859
0.8	0.43775392
0.75	0.43135747
0.83	0.38362348
0.84	0.36482182
0.77	0.49359387
0.81	0.4271499
0.78	0.46280032
0.82	0.41918015
0.72	0.46150765
0.86	0.3605702
0.76	0.50587445
0.78	0.4398369
0.78	0.41252208
0.81	0.39498654
0.81	0.41928682
0.87	0.2985063
0.79	0.45532867
0.77	0.45095795
0.78	0.43181118
0.78	0.5523474
0.65	0.5815846
0.79	0.4391039
0.81	0.42516708
0.83	0.4471565
0.83	0.41831136
0.87	0.35934868
0.77	0.43730187
0.81	0.43789902
0.75	0.52244663
0.79	0.4583376
0.74	0.46386853
0.73	0.4418635
0.79	0.38926286
0.82	0.41897818
0.77	0.37803304
0.8	0.41438043
0.73	0.49511722
0.72	0.47235358
0.82	0.37663537
0.79	0.42796925
0.8	0.42428792
0.83	0.3721183
0.71	0.5022243
0.77	0.43759927
0.79	0.41870463
0.85	0.3604269
0.75	0.45823577
0.79	0.4614542
0.79	0.42263493
0.86	0.33013463
0.73	0.48121884
0.91	0.315728
0.72	0.5126649
0.79	0.41690692
0.81	0.43162075
0.79	0.3881933
0.83	0.36805347
0.76	0.44982898
0.72	0.5212054
0.85	0.34734362
0.87	0.33979598
0.77	0.432788
0.78	0.44781682
0.81	0.4049343
0.77	0.47119385
0.81	0.37844235
0.82	0.4423323
0.77	0.44025862
0.77	0.48862132
0.85	0.36325443
0.62	0.5579083
0.71	0.48657772
0.79	0.46205816
0.68	0.5611005
0.8	0.37435502
0.82	0.35836545
0.79	0.45103902
0.81	0.42626345
0.85	0.37064397
0.85	0.40115184
0.84	0.41139698
0.79	0.38755977
0.79	0.4236924
0.73	0.45567566
0.86	0.29203606
0.79	0.39720246
0.8	0.39873424
0.73	0.44624656
0.8	0.38078612
0.77	0.4829862
0.74	0.5017719
0.83	0.3774728
0.87	0.342407
0.8	0.41117164
0.86	0.36952254
0.82	0.38739792
0.77	0.5011665
0.77	0.47262385
0.76	0.43003255
0.83	0.3608794
0.76	0.4497848
0.73	0.49145204
0.78	0.46747592
0.82	0.39194554
0.71	0.5210654
0.8	0.39761657
0.78	0.41551402
0.78	0.45605823
0.82	0.43609673
0.78	0.43938446
0.8	0.4442403
0.78	0.40148267
0.78	0.38561273
0.87	0.31853825
0.78	0.40302902
0.77	0.47247002
0.79	0.47629654
0.83	0.37643743
0.8	0.36854312
0.78	0.38029775
0.75	0.48286048
0.88	0.3438846
0.81	0.4128858
0.78	0.4501298
0.78	0.40257874
0.84	0.41246006
0.85	0.34544042
0.89	0.3360525
0.83	0.391081
0.81	0.36927384
0.83	0.40793613
0.81	0.48218003
0.68	0.51857984
0.75	0.45598346
0.84	0.34217566
0.8	0.39335084
0.81	0.4077105
0.77	0.45390582
0.67	0.5578115
0.78	0.43787056
0.81	0.38493
0.77	0.40474424
0.82	0.41525334
0.7	0.49879238
0.77	0.456267
0.8	0.44083282
0.79	0.40279868
0.8	0.4352666
0.85	0.3414022
0.79	0.4264829
0.83	0.3968977
0.84	0.38766128
0.72	0.45672157
0.76	0.41270015
0.8	0.44491997
0.85	0.36649597
0.83	0.42468837
0.85	0.36047253
0.8	0.4420598
0.84	0.35334855
0.82	0.4167298
0.86	0.33089656
0.77	0.41276875
0.76	0.51506734
0.8	0.48237145
0.75	0.4456471
0.77	0.45842636
0.75	0.4806065
0.79	0.4152347
0.78	0.4498185
0.84	0.4096392
0.79	0.42011112
0.79	0.46555755
0.81	0.45364437
0.78	0.4066887
0.85	0.42409524
0.84	0.36675224
0.82	0.34603122
0.76	0.46751496
0.82	0.3949946
0.8	0.43975326
0.84	0.39890185
0.81	0.34442338
0.77	0.4194777
0.79	0.46393952
0.81	0.44929874
0.81	0.4799072
0.81	0.42294112
0.84	0.37939644
0.8	0.40866733
0.82	0.4442669
0.83	0.41022572
0.81	0.42344198
0.76	0.4556081
0.83	0.37279987
0.81	0.40670452
0.78	0.43033835
0.87	0.34131205
0.79	0.4438088
0.84	0.36868322
0.8	0.43091968
0.73	0.44546384
0.76	0.45290548
0.75	0.42840526
0.79	0.45255288
0.8	0.40042454
0.78	0.45972908
0.8	0.4648521
0.79	0.3665281
0.82	0.45888433
0.79	0.40394086
0.79	0.375853
0.73	0.48711342
0.8	0.45190322
0.78	0.44265145
0.84	0.36871123
0.82	0.37886646
0.82	0.35090768
0.74	0.5097548
0.83	0.3982807
0.8	0.38359755
0.86	0.39095452
0.78	0.44424284
0.84	0.35973334
0.79	0.500242
0.76	0.42037526
0.86	0.3728654
0.76	0.4839442
0.82	0.42560634
0.8	0.47074383
0.78	0.4240442
0.83	0.41415623
0.82	0.38830507
0.84	0.37699696
0.75	0.4709236
0.83	0.40475598
0.77	0.4484427
0.71	0.45420855
0.79	0.43464172
0.71	0.47040203
0.76	0.44349033
0.77	0.4204679
0.79	0.41457465
0.86	0.37734726
0.66	0.5581713
0.8	0.39948055
0.74	0.47696662
0.84	0.3792585
0.79	0.42855886
0.84	0.39877188
0.8	0.4789216
0.83	0.35891542
0.75	0.47584522
0.82	0.40818173
0.82	0.35718232
0.84	0.36143464
0.86	0.35576957
0.82	0.39325073
0.82	0.39502898
0.71	0.5250651
0.78	0.41056344
0.84	0.3638397
0.81	0.40311623
0.82	0.37504682
0.86	0.34345636
0.84	0.3416194
0.84	0.35764945
0.81	0.4269311
0.84	0.46575028
0.87	0.3592881
0.74	0.4793728
0.79	0.40332717
0.79	0.3826494
0.82	0.37548447
0.82	0.3585316
0.82	0.3855993
0.79	0.39086047
0.84	0.3469365
0.79	0.42719403
0.83	0.3759964
0.76	0.44036305
0.74	0.45362335
0.8	0.40677106
0.8	0.38255462
0.85	0.35363427
0.71	0.47257873
0.82	0.4053749
0.82	0.32185066
0.76	0.4802976
0.75	0.4630545
0.77	0.40760812
0.78	0.41510823
0.75	0.5080622
0.81	0.44429925
0.79	0.39932445
0.78	0.4117791
0.79	0.51776975
0.84	0.3733181
0.8	0.37816495
0.86	0.3561493
0.81	0.39837074
0.83	0.33525848
0.79	0.4230234
0.76	0.44392857
0.82	0.38792253
0.74	0.46781427
0.75	0.42796642
0.85	0.40659916
0.77	0.4747205
0.78	0.52667487
0.79	0.42624402
0.86	0.37633783
0.5833333	0.70846415
0.79	0.45577788
0.82	0.38232014
0.82	0.4403266
0.83	0.35826606
0.78	0.40937224
0.79	0.50597036
0.82	0.38634148
0.84	0.38316688
0.78	0.49278352
0.77	0.4061651
0.85	0.34249526
0.81	0.41751492
0.85	0.36623585
0.83	0.3812164
0.8	0.47847956
0.86	0.3464909
0.82	0.37985867
0.85	0.4149895
0.85	0.32254297
0.78	0.44898587
0.82	0.37426698
0.82	0.35445932
0.78	0.44507468
0.83	0.3690728
0.84	0.35859147
0.77	0.44732895
0.82	0.38068196
0.81	0.4860213
0.83	0.39698127
0.81	0.439771
0.76	0.45774817
0.84	0.36905858
0.8	0.41345462
0.79	0.41428062
0.86	0.342259
0.8	0.43502408
0.78	0.4122258
0.84	0.30626684
0.72	0.4675282
0.82	0.34320414
0.86	0.35955113
0.82	0.39660278
0.86	0.309122
0.81	0.3445824
0.74	0.4558738
0.71	0.5303261
0.85	0.3516433
0.74	0.41252637
0.81	0.4209438
0.82	0.3819038
0.82	0.3350132
0.75	0.4155056
0.83	0.3047191
0.83	0.35001266
0.75	0.5211024
0.79	0.43232605
0.79	0.42610282
0.87	0.31811813
0.83	0.3881882
0.85	0.3208129
0.83	0.3956356
0.82	0.3883719
0.86	0.29109675
0.83	0.3658071
0.82	0.35357174
0.82	0.35017037
0.85	0.33204654
0.79	0.46979186
0.82	0.32312688
0.79	0.41968676
0.85	0.32696944
0.81	0.36778504
0.76	0.45717755
0.88	0.29370522
0.87	0.31994584
0.81	0.36198384
0.81	0.45073998
0.83	0.36929706
0.79	0.41872752
0.87	0.30518523
0.8	0.38486084
0.78	0.42365697
0.91	0.28904065
0.75	0.44778228
0.81	0.49582574
0.82	0.45888448
0.74	0.4275748
0.83	0.36829606
0.76	0.44900772
0.83	0.3809105
0.81	0.4042643
0.77	0.48255822
0.81	0.39536935
0.83	0.42950395
0.8	0.3724853
0.78	0.4682225
0.74	0.48805225
0.82	0.3840213
0.77	0.4801308
0.82	0.34281808
0.84	0.36226046
0.77	0.40845644
0.8	0.3448685
0.82	0.4039698
0.69	0.51177144
0.76	0.48771393
0.76	0.48261905
0.83	0.38883248
0.8	0.39657906
0.8	0.4502027
0.81	0.39790863
0.77	0.489902
0.77	0.4585634
0.8	0.35487622
0.84	0.3492195
0.75	0.4241112
0.78	0.4464622
0.78	0.42308956
0.8	0.43918696
0.79	0.40122792
0.81	0.42434633
0.86	0.35022888
0.81	0.46054685
0.86	0.30427787
0.86	0.3893828
0.89	0.27059975
0.8	0.39761806
0.8	0.38376054
0.78	0.43331373
0.84	0.4156012
0.82	0.3916171
0.79	0.45095447
0.75	0.43990436
0.81	0.40407857
0.85	0.30642223
0.78	0.46070185
0.84	0.34833133
0.79	0.46388534
0.78	0.47176385
0.8	0.3611046
0.76	0.4136878
0.8	0.38325447
0.84	0.3868542
0.77	0.4469456
0.81	0.37417316
0.81	0.38484108
0.72	0.60138094
0.78	0.4376587
0.83	0.37981153
0.85	0.37271634
0.81	0.4020845
0.72	0.48821354
0.78	0.39339316
0.75	0.44467685
0.77	0.4716928
0.76	0.46345624
0.85	0.4166748
0.81	0.4342082
0.83	0.33143166
0.76	0.43233326
0.8	0.45714545
0.83	0.4079076
0.76	0.42286977
0.75	0.51234937
0.79	0.41379836
0.83	0.32726374
0.85	0.41206932
0.8	0.41399947
0.78	0.42558673
0.92	0.30025437
0.83	0.4228326
0.78	0.42766893
0.74	0.46635386
0.81	0.4192213
0.83	0.3727226
0.81	0.398981
0.81	0.40503213
0.95	0.25975373
0.83	0.37664413
0.84	0.36868572
0.82	0.3642624
0.73	0.45891407
0.84	0.38064012
0.8	0.3614496
0.83	0.3926537
0.83	0.36318427
0.83	0.32304844
0.82	0.4080737
0.81	0.4218806
0.77	0.46713063
0.81	0.42963734
0.79	0.4220503
0.75	0.45183754
0.8	0.4122817
0.85	0.36578214
0.79	0.3853329
0.76	0.46254528
0.78	0.42501104
0.83	0.32178706
0.82	0.35348502
0.73	0.5427496
0.9	0.27319968
0.84	0.3337064
0.8	0.39388674
0.88	0.3406969
0.82	0.40804717
0.8	0.46187526
0.82	0.39652652
0.76	0.47399682
0.78	0.48651847
0.73	0.4939346
0.86	0.3577273
0.76	0.45941934
0.8	0.3780128
0.78	0.42847016
0.81	0.44358522
0.74	0.4692221
0.75	0.43943396
0.83	0.36177525
0.82	0.4239641
0.78	0.47655034
0.81	0.39972308
0.82	0.37458515
0.7	0.4749744
0.84	0.35826483
0.82	0.39061633
0.85	0.33280617
0.81	0.39950114
0.82	0.33817554
0.82	0.38604087
0.8	0.44909585
0.84	0.40395957
0.82	0.42381543
0.8	0.42959142
0.86	0.3443736
0.82	0.39960748
0.82	0.39312208
0.83	0.44286716
0.81	0.4353996
0.85	0.33898723
0.81	0.35354057
0.76	0.48742634
0.78	0.3868375
0.77	0.38242677
0.76	0.4719644
0.77	0.41859138
0.78	0.45810193
0.83	0.33421132
0.8	0.45662972
0.84	0.3301688
0.72	0.4468185
0.74	0.5325729
0.84	0.36390892
0.76	0.47365826
0.77	0.39546445
0.73	0.49987212
0.88	0.3527311
0.9	0.29533407
0.86	0.31936347
0.8	0.44428918
0.84	0.37804547
0.7	0.5519899
0.84	0.36034584
0.8	0.44041485
0.79	0.43904984
0.76	0.49687728
0.77	0.40986842
0.79	0.422929
0.83	0.3571168
0.76	0.54319304
0.8	0.4058135
0.84	0.35799313
0.85	0.35547778
0.83	0.37729874
0.8	0.39092982
0.82	0.43138078
0.83	0.39254954
0.8	0.45203206
0.77	0.41465387
0.79	0.42817512
0.85	0.36525455
0.81	0.43964636
0.81	0.37517753
0.84	0.31798318
0.75	0.4626602
0.79	0.40401605
0.81	0.39444298
0.84	0.40533122
0.78	0.36849204
0.82	0.36846963
0.79	0.46386608
0.81	0.38883895
0.8	0.4119261
0.8	0.39430004
0.8	0.37904492
0.83	0.3927126
0.78	0.45172
0.86	0.3128099
0.77	0.44933727
0.9	0.30574805
0.75	0.43511677
0.78	0.4455425
0.81	0.41430837
0.79	0.45696792
0.8	0.36189145
0.72	0.5009978
0.77	0.47397363
0.82	0.43099692
0.79	0.44670826
0.81	0.39351463
0.79	0.42189616
0.75	0.5047345
0.81	0.41698822
0.82	0.39040446
0.83	0.3784515
0.78	0.46274826
0.84	0.3841096
0.85	0.3914855
0.82	0.4243156
0.77	0.42622998
0.76	0.45126042
0.83	0.3499904
0.82	0.3869648
0.78	0.48396385
0.89	0.3938808
0.85	0.35181165
0.79	0.42903787
0.83	0.3447542
0.81	0.36550674
0.86	0.3630438
0.79	0.42277503
0.81	0.4212649
0.71	0.52442765
0.84	0.3496091
0.84	0.37859675
0.84	0.35255906
0.8	0.3881483
0.78	0.43445385
0.84	0.37169474
0.8	0.3860288
0.8	0.39621595
0.78	0.4150995
0.85	0.3780772
0.73	0.4705274
0.78	0.39781082
0.79	0.40630475
0.81	0.45088908
0.84	0.33270085
0.75	0.43159884
0.84	0.43414617
0.91	0.3019715
0.81	0.41250938
0.82	0.37549055
0.83	0.3301149
0.73	0.4645296
0.83	0.39529225
0.79	0.4112809
0.8	0.36733085
0.8	0.38166785
0.85	0.36006486
0.85	0.37327695
0.82	0.40158093
0.78	0.43842247
0.8	0.40668556
