0.88	0.24899374
0.9	0.2541095
0.85	0.3142214
0.91	0.2776969
0.84	0.32135272
0.84	0.3363886
0.86	0.30788064
0.82	0.3568245
0.87	0.3111207
0.88	0.31745827
0.89	0.2074218
0.88	0.35568106
0.9	0.28318262
0.89	0.23756987
0.86	0.359808
0.86	0.30521765
0.82	0.3091786
0.86	0.2822155
0.82	0.32510194
0.88	0.26269513
0.91	0.26981664
0.91	0.2458054
0.88	0.27778262
0.91	0.23157139
0.91	0.24934563
0.84	0.31784403
0.87	0.30043203
0.87	0.30684844
0.85	0.26951608
0.88	0.32227117
0.84	0.34800544
0.91	0.2299264
0.9	0.26055214
0.88	0.2490786
0.9	0.33390436
0.91	0.23403016
0.91	0.24679796
0.91	0.28112307
0.87	0.28743812
0.92	0.21586065
0.89	0.22153209
0.86	0.29480037
0.85	0.29362175
0.93	0.23203255
0.88	0.319397
0.82	0.36593732
0.89	0.28959203
0.89	0.26906493
0.95	0.21927188
0.89	0.23614481
0.87	0.24564497
0.88	0.3243222
0.87	0.26176205
0.89	0.22246315
0.87	0.3440967
0.86	0.2907068
0.93	0.27941078
0.87	0.25993288
0.87	0.29098332
0.89	0.25992668
0.88	0.34415382
0.88	0.25097835
0.85	0.27965632
0.91	0.24175662
0.87	0.25810775
0.9	0.22492863
0.88	0.27679965
0.88	0.23585992
0.89	0.2726583
0.85	0.298824
0.89	0.2691099
0.96	0.15975529
0.81	0.3520039
0.88	0.28011566
0.88	0.23241699
0.86	0.26503703
0.84	0.35712555
0.86	0.30013368
0.88	0.26306924
0.89	0.29031968
0.84	0.28614852
0.81	0.40414527
0.89	0.22918968
0.89	0.255912
0.86	0.33491886
0.88	0.25426167
0.91	0.24068314
0.84	0.38014325
0.87	0.31019494
0.9	0.24790135
0.84	0.29242894
0.88	0.25785255
0.87	0.29782805
0.82	0.4219298
0.88	0.28216684
0.89	0.22294122
0.87	0.28481328
0.89	0.25526738
0.81	0.3987548
0.87	0.25594664
0.89	0.24107972
0.8	0.31525648
0.91	0.30071935
0.9	0.26770955
0.83	0.37795898
0.85	0.3049026
0.92	0.2413747
0.9	0.26260373
0.91	0.19680774
0.84	0.4100786
0.84	0.29728946
0.84	0.36529404
0.83	0.29438552
0.83	0.27978083
0.88	0.26938927
0.83	0.36091188
0.91	0.25709546
0.9	0.25114247
0.88	0.32624492
0.84	0.3608645
0.87	0.2511084
0.86	0.34075263
0.81	0.33554795
0.88	0.28400037
0.87	0.28320774
0.87	0.33041188
0.85	0.33738166
0.91	0.2969253
0.88	0.3369856
0.85	0.3256335
0.89	0.27158305
0.89	0.26940152
0.94	0.2130929
0.89	0.25741437
0.85	0.3004196
0.91	0.29578704
0.86	0.29169995
0.86	0.31909722
0.83	0.30542937
0.91	0.226033
0.84	0.34260488
0.83	0.33350947
0.88	0.28458858
0.91	0.25915885
0.9	0.27665058
0.92	0.29810172
0.9	0.21260543
0.91	0.2495487
0.88	0.27157253
0.88	0.31036445
0.88	0.24564382
0.89	0.29788974
0.84	0.32640868
0.89	0.33516213
0.84	0.2925182
0.9	0.254309
0.86	0.2898797
0.88	0.2912978
0.87	0.2824879
0.88	0.2681044
0.86	0.3388562
0.86	0.28638148
0.86	0.31875688
0.88	0.3118063
0.86	0.28199765
0.89	0.24983944
0.89	0.29156947
0.91	0.30864152
0.9	0.23435976
0.83	0.3281108
0.92	0.22187957
0.89	0.25997368
0.87	0.31362104
0.82	0.3904549
0.86	0.3243035
0.85	0.34424847
0.89	0.25601417
0.85	0.3612488
0.87	0.2845977
0.89	0.27946353
0.89	0.33738986
0.79	0.3941041
0.91	0.23909101
0.9	0.2130993
0.86	0.2676385
0.9	0.3001497
0.9	0.23617364
0.89	0.26159364
0.87	0.2846888
0.91	0.26803178
0.84	0.3107231
0.91	0.30248243
0.88	0.27049497
0.91	0.27786577
0.81	0.37384364
0.84	0.31287256
0.88	0.30458963
0.88	0.22565621
0.85	0.33816987
0.85	0.30496725
0.84	0.34390202
0.89	0.24324684
0.85	0.30865043
0.85	0.33465874
0.86	0.32398888
0.9	0.2462268
0.9	0.24162458
0.84	0.3520343
0.94	0.19536963
0.9	0.25314116
0.9	0.24213307
0.86	0.30738205
0.91	0.25223917
0.9	0.24421984
0.89	0.24236666
0.84	0.3260485
0.89	0.26980716
0.83	0.34875447
0.87	0.27067497
0.95	0.17197539
0.9	0.24724638
0.89	0.23593526
0.88	0.3408099
0.92	0.21914434
0.83	0.32876754
0.86	0.30411005
0.83	0.33563247
0.84	0.3789529
0.87	0.28894183
0.9	0.2282166
0.93	0.23643352
0.85	0.305042
0.86	0.2910732
0.79	0.35886452
0.89	0.25365663
0.91	0.29537782
0.89	0.24564527
0.88	0.28831783
0.91	0.21444125
0.92	0.2415084
0.88	0.30842984
0.86	0.313706
0.86	0.3827674
0.85	0.31443217
0.9	0.24994612
0.86	0.34177458
0.86	0.2901529
0.92	0.23343788
0.87	0.33920723
0.83	0.31586257
0.93	0.22317128
0.85	0.35399926
0.88	0.31230962
0.89	0.29611278
0.83	0.31667855
0.89	0.24955165
0.87	0.30335966
0.83	0.33348265
0.89	0.3085368
0.88	0.2509526
0.83	0.32432687
0.82	0.37204802
0.87	0.31201208
0.86	0.30352634
0.82	0.3798825
0.89	0.2819097
0.96	0.16613549
0.89	0.32790622
0.86	0.35681495
0.88	0.30157658
0.84	0.3146162
0.92	0.2596532
0.85	0.3376187
0.79	0.33474028
0.88	0.28579175
0.84	0.31543693
0.86	0.24664766
0.88	0.2528902
0.88	0.31527305
0.9	0.2781722
0.93	0.20345435
0.88	0.23747593
0.86	0.30709502
0.86	0.30361816
0.86	0.26206282
0.81	0.37337452
0.91	0.23376964
0.88	0.28719413
0.85	0.2880694
0.85	0.32485515
0.9	0.24674982
0.86	0.2728302
0.82	0.37256503
0.88	0.28806314
0.93	0.14545907
0.81	0.3373383
0.89	0.26231906
0.9	0.2507576
0.84	0.30446976
0.85	0.37374005
0.84	0.32576162
0.89	0.32178295
0.9	0.2251781
0.84	0.34336913
0.9	0.25403783
0.83	0.28545296
0.83	0.32773218
0.93	0.2787264
0.89	0.22406872
0.85	0.29161036
0.87	0.25430107
0.89	0.25903136
0.92	0.22405118
0.87	0.27527487
0.88	0.28005365
0.86	0.29033145
0.88	0.2540082
0.88	0.32111835
0.89	0.25733244
0.89	0.23169334
0.87	0.34973785
0.89	0.3026809
0.84	0.35302913
0.86	0.2995763
0.89	0.26252136
0.86	0.26489794
0.93	0.25306973
0.9	0.2872914
0.9	0.284571
0.94	0.20228286
0.86	0.32723573
0.91	0.23552985
0.88	0.2762977
0.84	0.2989812
0.83	0.32344982
0.94	0.22000721
0.89	0.2696291
0.88	0.283077
0.87	0.36091208
0.85	0.30622202
0.82	0.29499507
0.92	0.22163244
0.83	0.32801086
0.88	0.27874658
0.85	0.32830974
0.84	0.34923393
0.84	0.30373976
0.9	0.2330069
0.84	0.32037255
0.88	0.28337634
0.86	0.40028268
0.85	0.3423162
0.89	0.3013864
0.85	0.34165952
0.86	0.3203933
0.9	0.29491344
0.88	0.26080465
0.91	0.2545763
0.9	0.25415042
0.87	0.30078596
0.84	0.33726606
0.78	0.44588712
0.92	0.23683262
0.88	0.2946469
0.88	0.23743126
0.86	0.28806752
0.88	0.29000485
0.81	0.3896302
0.85	0.33853582
0.87	0.26421428
0.86	0.3107397
0.88	0.23186241
0.9	0.21218105
0.88	0.2623644
0.86	0.2543149
0.88	0.2814044
0.94	0.1960112
0.85	0.27417248
0.83	0.2747555
0.88	0.29603928
0.88	0.27800906
0.9	0.25702262
0.85	0.34417123
0.9	0.28485477
0.83	0.3410292
0.85	0.31307858
0.96	0.18568493
0.89	0.30350375
0.86	0.24619128
0.92	0.24246281
0.84	0.3269286
0.84	0.32838532
0.89	0.2822259
0.87	0.32408977
0.88	0.27678403
0.84	0.3541822
0.86	0.2990823
0.85	0.28951344
0.84	0.3428913
0.78	0.41272092
0.89	0.2967674
0.85	0.3486575
0.9	0.20527272
0.88	0.2802704
0.9	0.29201052
0.82	0.31532475
0.94	0.2381956
0.86	0.2701147
0.88	0.29207575
0.85	0.28482255
0.88	0.2360145
0.93	0.20864464
0.87	0.27141458
0.91	0.23108786
0.8	0.31720063
0.89	0.22289664
0.9	0.21760677
0.92	0.23733841
0.89	0.28937855
0.89	0.24592885
0.91	0.20824012
0.89	0.2569944
0.87	0.27352697
0.89	0.2856298
0.86	0.2729831
0.84	0.30713236
0.9	0.28762665
0.85	0.27901605
0.82	0.40015835
0.94	0.16868047
0.87	0.32452407
0.82	0.4355072
0.87	0.26678145
0.93	0.21439363
0.91	0.20905443
0.9	0.24654649
0.88	0.2937405
0.88	0.26347592
0.86	0.302863
0.89	0.30030233
0.86	0.37610227
0.91	0.22069415
0.85	0.32712892
0.9	0.24528436
0.81	0.4420661
0.86	0.2319244
0.85	0.30732852
0.86	0.28358614
0.88	0.2610088
0.85	0.34397647
0.87	0.2828139
0.85	0.29794398
0.91	0.2642019
0.91	0.20846549
0.85	0.36703202
0.89	0.21684526
0.93	0.20804282
0.89	0.28167343
0.93	0.23263079
0.89	0.28863725
0.87	0.2427585
0.89	0.25749877
0.85	0.35316348
0.93	0.25027335
0.91	0.27696702
0.88	0.24701427
0.91	0.28122392
0.86	0.28251758
0.92	0.18342775
0.92	0.21905741
0.82	0.34865287
0.84	0.34537822
0.84	0.2901137
0.83	0.3547393
0.82	0.35761616
0.89	0.2780463
0.8	0.38976616
0.88	0.2532251
0.84	0.36069366
0.82	0.40153927
0.87	0.2769994
0.94	0.22353382
0.87	0.32400712
0.89	0.26153395
0.84	0.32497272
0.82	0.34996986
0.89	0.27316278
0.88	0.2787774
0.88	0.26457936
0.82	0.29272497
0.91	0.2376672
0.89	0.252382
0.89	0.26739028
0.92	0.21468756
0.89	0.2439397
0.81	0.3442807
0.88	0.24028248
0.87	0.2767538
0.9	0.250264
0.86	0.28851902
0.93	0.21803208
0.88	0.25333157
0.89	0.3032479
0.92	0.2314208
0.88	0.3025287
0.8	0.39537078
0.93	0.22861452
0.84	0.31800812
0.92	0.23755658
0.91	0.24548055
0.86	0.32160103
0.93	0.22964449
0.88	0.2831663
0.89	0.27526268
0.88	0.2796838
0.85	0.31019956
0.84	0.30512264
0.91	0.2762999
0.85	0.35351574
0.9	0.23223871
0.84	0.2978354
0.9	0.2435456
0.84	0.32798055
0.85	0.3435248
0.92	0.23296495
0.9	0.26693243
0.85	0.3346682
0.86	0.34553638
0.85	0.3083165
0.86	0.25522256
0.92	0.21305358
0.9	0.26304963
0.88	0.3150703
0.85	0.32137546
0.88	0.29286435
0.9	0.2494644
0.87	0.27162066
0.89	0.2509924
0.87	0.2890381
0.8	0.36878517
0.89	0.2847674
0.87	0.2766502
0.87	0.3211161
0.88	0.24533415
0.91	0.23607045
0.84	0.35490528
0.83	0.3354599
0.89	0.29680002
0.9	0.24017109
0.83	0.34915638
0.84	0.31121352
0.92	0.21259537
0.85	0.34268308
0.78	0.42100745
0.85	0.30614352
0.86	0.38366657
0.89	0.28655127
0.92	0.20165572
0.87	0.35265273
0.87	0.30010247
0.8	0.34876025
0.87	0.27938342
0.92	0.26046675
0.92	0.1752014
0.83	0.31605113
0.89	0.25294065
0.93	0.22138152
0.92	0.18428014
0.91	0.24683891
0.84	0.32870543
0.87	0.252823
0.85	0.29776993
0.86	0.31836396
0.83	0.334719
0.83	0.29745036
0.86	0.30882582
0.85	0.32197675
0.83	0.29346055
0.93	0.21839665
0.87	0.3238476
0.93	0.18880679
0.89	0.26411742
0.86	0.34111845
0.89	0.2997264
0.86	0.27344835
0.87	0.27379632
0.85	0.298993
0.88	0.2874199
0.87	0.3099899
0.81	0.29871112
0.89	0.27468657
0.89	0.25233653
0.9	0.2794148
0.9	0.24836908
0.87	0.33453164
0.86	0.3104764
0.9	0.24772799
0.91	0.23254555
0.83	0.38423318
0.81	0.40750432
0.87	0.27590087
0.91	0.23485932
0.88	0.3067444
0.88	0.2992465
0.9	0.2616558
0.85	0.334453
0.86	0.27808005
0.91	0.23797354
0.88	0.2612777
0.88	0.24244389
0.92	0.21758197
0.85	0.3478397
0.87	0.3119302
0.84	0.30748317
0.88	0.25110325
0.91	0.23460945
0.91	0.2529093
0.85	0.3113042
0.93	0.25954592
0.93	0.21464226
0.9	0.22597614
0.8	0.35555103
0.91	0.28408062
0.88	0.32572737
0.85	0.35280374
0.91	0.24846357
0.88	0.3182522
0.91	0.2698687
0.88	0.26865712
0.81	0.3701152
0.9	0.2513792
0.89	0.24593365
0.9	0.2722754
0.88	0.25478023
0.91	0.24344675
0.84	0.27670693
0.91	0.27012295
0.91	0.208532
0.93	0.19764696
0.87	0.31157935
0.83	0.38713056
0.85	0.31004563
0.89	0.22488137
0.84	0.27011222
0.9	0.22505891
0.86	0.33790123
0.91	0.26926786
0.87	0.31075582
0.9	0.22280715
0.9	0.25055626
0.78	0.49606654
0.94	0.24442469
0.84	0.29421857
0.89	0.2451659
0.84	0.32203344
0.88	0.28462666
0.88	0.291213
0.84	0.34621406
0.9	0.3042277
0.89	0.34416693
0.86	0.31420097
0.83	0.3194887
0.91	0.23008645
0.85	0.35497406
0.92	0.26572475
0.83	0.3076175
0.87	0.2842069
0.87	0.29547948
0.87	0.25278246
0.9	0.21687369
0.86	0.2707977
0.87	0.2753703
0.9	0.30214214
0.91	0.21214472
0.84	0.275384
0.89	0.22577971
0.88	0.30567855
0.86	0.28280067
0.89	0.28440863
0.89	0.2982515
0.94	0.24150783
0.87	0.25008097
0.88	0.26037896
0.89	0.27829593
0.83	0.3298127
0.88	0.27139375
0.8	0.40771735
0.86	0.25302815
0.89	0.29936504
0.89	0.25564578
0.88	0.24857576
0.86	0.25419345
0.92	0.22690393
0.84	0.3595458
0.79	0.35086444
0.88	0.24221975
0.89	0.25823882
0.85	0.30318186
0.86	0.29602477
0.81	0.3822784
0.85	0.32011563
0.86	0.28584656
0.92	0.19750126
0.86	0.27363932
0.89	0.2624198
0.88	0.31043014
0.9	0.29180264
0.88	0.3223246
0.86	0.31613213
0.82	0.3719839
0.87	0.29908857
0.9	0.22818796
0.85	0.34398732
0.91	0.25212458
0.89	0.2742445
0.84	0.35072067
0.9	0.24823847
0.83	0.38968074
0.87	0.27169484
0.91	0.26006076
0.85	0.26550633
0.91	0.21269715
0.87	0.28047395
0.82	0.35588363
0.74	0.44617882
0.87	0.31778365
0.85	0.30427307
0.9	0.21002308
0.88	0.2853779
0.9	0.23576486
0.92	0.21399875
0.9	0.23337366
0.87	0.30904976
0.86	0.2721891
0.84	0.28077838
0.91	0.23500694
0.84	0.31521317
0.86	0.30198187
0.93	0.17001492
0.91	0.26200598
0.85	0.29941258
0.87	0.2575374
0.86	0.30787984
0.94	0.16665532
0.9	0.29356846
0.88	0.31751773
0.89	0.2702644
0.88	0.3026726
0.89	0.245898
0.87	0.23611183
0.88	0.30692568
0.9	0.21927597
0.93	0.22963366
0.9	0.20653781
0.96	0.21076953
0.89	0.29483226
0.82	0.36435232
0.85	0.3201199
0.92	0.27135423
0.84	0.3109599
0.86	0.27086538
0.92	0.275592
0.8	0.45401773
0.89	0.29004148
0.9	0.27322447
0.81	0.43039897
0.9	0.23447023
0.94	0.21022347
0.9	0.22834504
0.91	0.25845036
0.91	0.21373525
0.89	0.26171175
0.89	0.26517713
0.89	0.23680218
0.91	0.34298307
0.85	0.3161441
0.87	0.2968147
0.92	0.23729454
0.83	0.30563545
0.84	0.36818054
0.82	0.33170453
0.87	0.32432696
0.88	0.29788768
0.87	0.30455074
0.86	0.31338203
0.83	0.3200414
0.86	0.28209507
0.9	0.22708315
0.91	0.2684959
0.84	0.32746246
0.82	0.37438557
0.85	0.294704
0.86	0.24466929
0.93	0.17076224
0.93	0.18352884
0.92	0.18006468
0.88	0.23680836
0.83	0.286372
0.9	0.22666949
0.89	0.27522784
0.86	0.29761294
0.86	0.3093269
0.87	0.28565606
0.81	0.3183579
0.81	0.368764
0.87	0.32585102
0.86	0.2927823
0.88	0.30846062
0.87	0.271438
0.91	0.2851603
0.9	0.23841915
0.93	0.22055365
0.88	0.27801192
0.88	0.3136061
0.91	0.24763353
0.87	0.31574225
0.91	0.19995321
0.89	0.24410549
0.82	0.35118905
0.86	0.2961211
0.86	0.3147405
0.87	0.30558833
0.83	0.3189725
0.86	0.28397658
0.81	0.3501565
0.84	0.34058598
0.89	0.3042127
0.79	0.3453514
0.87	0.2854272
0.91	0.23389946
0.87	0.2886315
0.89	0.29438233
0.84	0.2888135
0.91	0.24018532
0.87	0.33809662
0.89	0.24959582
0.92	0.25677744
0.89	0.28519621
0.87	0.2715314
0.86	0.3337992
0.86	0.3043519
0.87	0.27256584
0.84	0.26520544
0.93	0.26125684
0.84	0.31638864
0.86	0.30973887
0.88	0.2909254
0.86	0.291442
0.89	0.32494724
0.86	0.3054081
0.89	0.3002837
0.91	0.22268777
0.87	0.22336678
0.89	0.35162032
0.93	0.20471069
0.87	0.29044974
0.87	0.24062234
0.91	0.23239678
0.9	0.21540195
0.9	0.24454057
0.83	0.37442845
0.84	0.2994438
0.89	0.2733312
0.88	0.32618496
0.86	0.32621303
0.84	0.278735
0.89	0.28823015
0.88	0.34063834
0.89	0.248947
0.87	0.30319083
0.91	0.23010367
0.87	0.23886333
0.92	0.24874991
0.89	0.28869706
0.89	0.25688198
0.84	0.33122706
1.0	0.13627593
0.91	0.25113136
0.84	0.34286156
0.87	0.27207074
0.84	0.29600278
0.95	0.20202889
0.84	0.30401132
0.9	0.30676308
0.87	0.30341527
0.86	0.2665216
0.89	0.21219112
0.84	0.3422929
0.9	0.2513197
0.95	0.23076437
0.9	0.23133823
0.92	0.21282664
0.83	0.28495193
0.9	0.26254717
0.91	0.2649689
0.88	0.287303
0.9	0.25176767
0.92	0.21497414
0.83	0.32640678
0.87	0.28889197
0.91	0.25351343
0.88	0.23143896
0.9	0.28365478
0.88	0.3306779
0.93	0.23372331
0.92	0.23354934
0.85	0.30395037
0.88	0.28587282
0.82	0.3142241
0.84	0.36652848
0.84	0.35825253
0.89	0.3154092
0.9	0.2650303
0.92	0.2518921
0.92	0.25744
0.9	0.23343053
0.82	0.37196428
0.88	0.28277102
0.83	0.39671075
0.84	0.33539605
0.83	0.3642146
0.84	0.3599097
0.86	0.30309537
0.85	0.2791828
0.86	0.27471626
0.88	0.23150112
0.86	0.2667509
0.94	0.22101992
0.88	0.28943554
0.91	0.22451824
0.93	0.23725286
0.85	0.30833846
0.84	0.30614898
0.87	0.3237877
0.87	0.29704505
0.9	0.21958666
0.86	0.3313287
0.91	0.2562024
0.86	0.27549842
0.85	0.35153598
0.89	0.2668335
0.86	0.37978932
0.89	0.30813834
0.87	0.29467127
0.86	0.27716783
0.93	0.2298447
0.91	0.25199604
0.89	0.23351288
0.9	0.24097826
0.8	0.40762174
0.9	0.26895213
0.85	0.2916757
0.88	0.31281415
0.86	0.30959228
0.93	0.2326737
0.88	0.238941
0.9	0.2977377
0.85	0.34821513
0.87	0.3066319
0.89	0.27079734
0.91	0.2245969
0.93	0.25337723
0.79	0.38309154
0.84	0.34821078
0.87	0.30706584
0.95	0.21259615
0.89	0.28112543
0.88	0.21225964
0.88	0.29331934
0.89	0.26948082
0.95	0.15924594
0.81	0.3376593
0.87	0.2456137
0.89	0.27440417
0.9	0.24953353
0.87	0.2389753
0.98	0.13771342
0.83	0.39296597
0.94	0.22477694
0.88	0.24349615
0.86	0.25582272
0.9	0.23074925
0.89	0.24456371
0.87	0.2580513
0.85	0.32558656
0.9	0.25207147
0.9	0.24469368
0.84	0.3489914
0.88	0.28966743
0.91	0.22849429
0.81	0.33293116
0.87	0.29218072
0.78	0.3929306
0.87	0.2584672
0.9	0.26720858
0.92	0.2621625
0.91	0.27211058
0.92	0.22909671
0.84	0.3293772
0.88	0.2660025
0.75	0.46143597
0.81	0.31793553
0.87	0.2896218
0.87	0.30478743
0.9	0.27123255
0.97	0.13904798
0.91	0.25085592
0.86	0.3482105
0.86	0.27740255
0.9	0.23620225
0.82	0.35051593
0.88	0.25491738
0.85	0.28093886
0.89	0.25700134
0.9	0.23353122
0.88	0.29114732
0.88	0.3855208
0.82	0.32745993
0.95	0.19116111
0.96	0.17884389
0.9	0.2676672
0.93	0.19907673
0.91	0.23311745
0.94	0.21086705
0.84	0.34085032
0.88	0.3356321
0.88	0.2509411
0.88	0.26128057
0.86	0.30921638
0.85	0.34776235
0.84	0.28258565
0.87	0.339318
0.9	0.25120565
0.92	0.20877333
0.82	0.32168457
0.89	0.25854495
0.81	0.45395982
0.9	0.23095477
0.87	0.30373964
0.88	0.23518862
0.78	0.46184516
0.84	0.3721624
0.86	0.34122586
0.92	0.22822182
0.86	0.33563256
0.87	0.39429307
0.87	0.23579964
0.89	0.23863667
0.92	0.22152215
0.89	0.28589547
0.88	0.2795653
0.83	0.35315013
0.86	0.27697295
0.92	0.24132429
0.93	0.18944705
0.89	0.23035567
0.83	0.3333934
0.83	0.35873622
0.91	0.22841044
0.84	0.3216498
0.79	0.37538683
0.92	0.24795437
0.92	0.19040817
0.86	0.24368267
0.88	0.25141793
0.84	0.30211848
0.92	0.23321356
0.91	0.20716128
0.86	0.34573624
0.86	0.32063589
0.89	0.24696296
0.88	0.287327
0.83	0.3372959
0.84	0.369972
0.92	0.19824909
0.85	0.30302024
0.86	0.2534766
0.92	0.22119947
0.9	0.28831214
0.87	0.23496233
0.87	0.3023629
0.92	0.21009049
0.92	0.22040743
0.82	0.2795561
0.89	0.2831082
0.91	0.19050041
0.84	0.27884877
0.92	0.18678316
0.82	0.39559567
0.83	0.33997688
0.87	0.3338773
0.87	0.2810647
0.9	0.27224034
0.9	0.25865075
0.92	0.22900493
0.86	0.30909732
0.83	0.29137415
0.89	0.30274764
0.92	0.19527172
0.88	0.27954587
0.84	0.28827298
0.87	0.30373642
0.92	0.18586321
0.88	0.26946884
0.8	0.44453305
0.85	0.28416964
0.84	0.35922447
0.9	0.21668522
0.91	0.25758827
0.87	0.28597152
0.87	0.3083395
0.91	0.24021089
0.89	0.25295335
0.83	0.33579245
0.85	0.3321469
0.9	0.29874292
0.84	0.36378902
0.96	0.18694277
0.88	0.35623908
0.89	0.23415612
0.88	0.30039304
0.89	0.24077517
0.85	0.3985961
0.92	0.24297228
0.87	0.2928681
0.95	0.17574194
0.89	0.25401512
0.89	0.24461824
0.87	0.25685886
0.88	0.21161467
0.89	0.28746015
0.87	0.26549873
0.88	0.23237678
0.86	0.318281
0.84	0.274976
0.88	0.26639205
0.9	0.24950455
0.92	0.21753077
0.84	0.32534507
0.83	0.37928188
0.87	0.24386722
0.89	0.27269393
0.96	0.20797166
0.85	0.3754562
0.85	0.30806056
0.87	0.32438508
0.85	0.3165327
0.85	0.28146085
0.88	0.2708359
0.85	0.3212537
0.85	0.30033234
0.9	0.235232
0.89	0.2589564
0.89	0.28752646
0.92	0.21932636
0.92	0.23090142
0.83	0.2913863
0.87	0.27931425
0.88	0.24802798
0.88	0.24888645
0.88	0.29162017
0.88	0.2640565
0.9	0.29628384
0.82	0.37907848
0.93	0.20392822
0.85	0.3255464
0.91	0.2018718
0.94	0.19679612
0.92	0.21565758
0.84	0.36834985
0.91	0.24679625
0.88	0.2713584
0.94	0.20870586
0.78	0.3361277
0.87	0.34064457
0.83	0.3109281
0.92	0.19418228
0.85	0.29001877
0.9	0.22265062
0.81	0.38393813
0.86	0.24835329
0.87	0.28954226
0.88	0.28963766
0.88	0.3165488
0.81	0.369932
0.89	0.2445324
0.89	0.2590609
0.9	0.27674663
0.89	0.27257583
0.9	0.31247365
0.89	0.25859565
0.88	0.2767121
0.88	0.28251263
0.86	0.29345742
0.84	0.30165806
0.81	0.36196202
0.86	0.33198816
0.88	0.22485796
0.86	0.272034
0.92	0.19295278
0.87	0.31787577
0.82	0.34965172
0.9	0.27088758
0.88	0.3342524
0.9	0.25148028
0.89	0.23646967
0.91	0.22348776
0.84	0.30387145
0.84	0.31057596
0.71	0.5121875
0.9	0.2336933
0.87	0.24231367
0.88	0.26612398
0.88	0.23905402
0.9	0.23060456
0.87	0.39407688
0.85	0.3046543
0.89	0.2663266
0.8	0.3800244
0.91	0.28279254
0.93	0.17474222
0.93	0.24618608
0.87	0.2809713
0.85	0.2989615
0.91	0.2510221
0.87	0.25879273
0.89	0.31311774
0.83	0.32561263
0.87	0.23854394
0.89	0.30244952
0.94	0.20557593
0.86	0.33020818
0.93	0.24234861
0.92	0.22023582
0.87	0.29814997
0.84	0.37123275
0.91	0.22644685
0.85	0.29615366
0.86	0.3506109
0.82	0.39245105
0.91	0.22549827
0.9	0.31365874
0.85	0.32302916
0.88	0.25333512
0.89	0.22271973
0.84	0.28295368
0.85	0.2887031
0.81	0.38469046
0.93	0.24776481
0.87	0.2775491
0.88	0.23994924
0.9	0.24652864
0.83	0.31533292
0.92	0.23684843
0.84	0.31560725
0.9	0.27368057
0.85	0.31200564
0.81	0.33950093
0.89	0.24219903
0.88	0.30674827
0.85	0.33972767
0.81	0.35746762
0.8	0.4160084
0.88	0.29685208
0.87	0.29772702
0.84	0.34730014
0.86	0.3073112
0.85	0.2916971
0.86	0.33756173
0.89	0.26871943
0.88	0.23066656
0.91	0.26025438
0.86	0.28964046
0.85	0.32597736
0.88	0.30767852
0.86	0.27741513
0.91	0.24740478
0.87	0.27555028
0.84	0.3383097
0.87	0.32814944
0.86	0.37904376
0.94	0.17148925
0.93	0.23782028
0.91	0.24201609
0.92	0.22544245
0.86	0.26639956
0.88	0.27542254
0.76	0.47160965
0.9	0.27301693
0.81	0.38530767
0.88	0.2989401
0.94	0.2195938
0.9	0.2539548
0.92	0.22094858
0.86	0.32736441
0.88	0.25484496
0.84	0.28434056
0.87	0.25278163
0.87	0.35247287
0.87	0.2644494
0.87	0.27837184
0.83	0.32135525
0.86	0.27648756
0.84	0.3169953
0.9	0.24066988
0.86	0.28655833
0.81	0.33276588
0.89	0.2479244
0.88	0.28309816
0.87	0.30631477
0.92	0.25541133
0.84	0.34963298
0.82	0.3831686
0.83	0.3175386
0.84	0.32381913
0.87	0.2727642
0.85	0.29520774
0.87	0.26157892
0.88	0.29246402
0.89	0.25751355
0.87	0.30972457
0.93	0.19066118
0.84	0.35494587
0.87	0.25506878
0.87	0.3269946
0.89	0.27805308
0.88	0.2200932
0.87	0.27984527
0.88	0.2436838
0.84	0.28805548
0.87	0.28392747
0.93	0.22576016
0.83	0.32222256
0.84	0.3693206
0.91	0.28929093
0.91	0.22634964
0.87	0.263365
0.87	0.29538512
0.87	0.2685432
0.89	0.22967345
0.88	0.32322022
0.88	0.2807824
0.87	0.350672
0.86	0.26669806
0.92	0.22219066
0.88	0.29012534
0.9	0.32368672
0.93	0.2238811
0.91	0.2151718
0.87	0.32625702
0.91	0.22979702
0.89	0.27164155
0.84	0.40301964
0.8	0.36463243
0.87	0.32641163
0.83	0.29608333
0.86	0.3266204
0.89	0.27304173
0.86	0.2785879
0.93	0.22694044
0.88	0.27426144
0.9	0.24079022
0.89	0.23363563
0.87	0.30939007
0.85	0.29618704
0.89	0.21425621
0.87	0.2747544
0.88	0.2739477
0.87	0.3509441
0.87	0.29394543
0.85	0.35951915
0.87	0.2740202
0.84	0.28778946
0.91	0.24597149
0.84	0.36565307
0.89	0.24556683
0.9	0.26373103
0.85	0.37128136
0.94	0.18803221
0.83	0.35316682
0.87	0.3295311
0.87	0.29760644
0.9	0.2332428
0.92	0.22769164
0.88	0.2899844
0.89	0.25479257
0.86	0.28074563
0.76	0.44025478
0.94	0.1545521
0.83	0.262019
0.89	0.24827643
0.86	0.27466655
0.89	0.28276595
0.92	0.23478115
0.87	0.36619854
0.81	0.40705326
0.81	0.39031944
0.88	0.27586907
0.9	0.23531517
0.84	0.28007054
0.87	0.285618
0.83	0.3103708
0.79	0.3821896
0.86	0.2552201
0.85	0.2860278
0.85	0.36143708
0.86	0.3000956
0.86	0.3012539
0.88	0.3112916
0.83	0.32807988
0.9	0.24402937
0.84	0.30324316
0.87	0.24775116
0.93	0.21833265
0.85	0.33343086
0.87	0.27083576
0.86	0.32666075
0.86	0.31804144
0.79	0.37136906
0.9	0.2556073
0.85	0.28292668
0.88	0.29241166
0.87	0.26947406
0.85	0.33631334
0.87	0.30933344
0.85	0.30066594
0.91	0.2777601
0.87	0.27041468
0.86	0.35644272
0.81	0.36979607
0.89	0.28674006
0.8	0.4005576
0.91	0.23965023
0.92	0.21678011
0.93	0.21170957
0.94	0.1848625
0.87	0.28633368
0.87	0.24985641
0.85	0.31162357
0.88	0.2701063
0.86	0.2685914
0.9	0.2727688
0.88	0.24989408
0.86	0.29867116
0.84	0.32293674
0.88	0.28612247
0.81	0.35842246
0.86	0.35795823
0.88	0.2935718
0.87	0.28859216
0.85	0.31181535
0.86	0.36288926
0.86	0.3300956
0.9	0.25754616
0.95	0.20053516
0.86	0.26720363
0.86	0.3528547
0.89	0.23706695
0.86	0.27556586
0.89	0.2647431
0.87	0.29451743
0.89	0.24061686
0.86	0.3207186
0.86	0.25637883
0.85	0.32326633
0.93	0.20723228
0.85	0.34194413
0.87	0.3237174
0.87	0.31800193
0.85	0.26069197
0.92	0.19033554
0.91	0.2393704
0.9	0.2384427
0.95	0.18297464
0.88	0.25404808
0.92	0.28523052
0.88	0.23605645
0.88	0.28367284
0.94	0.19388981
0.83	0.29931998
0.89	0.25681227
0.85	0.29570857
0.84	0.30233768
0.96	0.20386668
0.9	0.23211841
0.89	0.2658706
0.91	0.2287218
0.82	0.350602
0.92	0.20277019
0.86	0.32644528
0.89	0.23542263
0.91	0.25019923
0.94	0.20145245
0.88	0.26327464
0.82	0.35642022
0.87	0.37534314
0.85	0.30685726
0.86	0.31331557
0.89	0.25086865
0.84	0.35396028
0.88	0.24403057
0.83	0.3959771
0.89	0.2486791
0.9	0.22556017
0.9	0.22394758
0.83	0.33461896
0.86	0.29671592
0.87	0.28320724
0.89	0.3148883
0.9	0.24778025
0.88	0.25788543
0.9	0.3340188
0.84	0.33530483
0.91	0.2502684
0.86	0.2652318
0.92	0.24534559
0.87	0.24221419
0.89	0.25842044
0.87	0.33882272
0.89	0.29246533
0.87	0.28120285
0.85	0.38495314
0.87	0.33603966
0.88	0.27929336
0.89	0.26355803
0.86	0.28738374
0.91	0.22851643
0.87	0.27375865
0.89	0.25519466
0.94	0.19890425
0.88	0.23354095
0.92	0.20515954
0.87	0.2904226
0.88	0.22621532
0.93	0.19860306
0.82	0.3698764
0.8	0.3564516
0.91	0.22354555
0.81	0.33920106
0.87	0.29524153
0.86	0.26779678
0.94	0.19130714
0.9	0.21821755
0.89	0.2795003
0.87	0.33407634
0.88	0.33997905
0.87	0.27203333
0.92	0.19975626
0.82	0.28927982
0.92	0.26745567
0.89	0.24133115
0.88	0.26213402
0.91	0.20132524
0.88	0.26647416
0.91	0.24497768
0.88	0.28514442
0.82	0.35792023
0.85	0.29509
0.89	0.30245546
0.88	0.29190123
0.93	0.21695133
0.81	0.3419877
0.88	0.33600435
0.89	0.31915486
0.85	0.3747301
0.9	0.23263122
0.86	0.32887632
0.9	0.26716432
0.77	0.38586026
0.83	0.31785288
0.88	0.28441247
0.92	0.20073733
0.89	0.25122252
0.88	0.2427849
0.87	0.2497428
0.88	0.23946573
0.9	0.23276566
0.89	0.29849413
0.93	0.2032169
0.87	0.3601715
0.89	0.2166878
0.84	0.35332015
0.86	0.31719822
0.89	0.26574555
0.9	0.21582279
0.86	0.32243976
0.87	0.29671606
0.92	0.23942155
0.81	0.33605674
0.87	0.285576
0.88	0.28584307
0.9	0.24515079
0.91	0.19492275
0.9	0.23596577
0.88	0.26495135
0.85	0.26780656
0.87	0.30829376
0.88	0.27872548
0.9	0.2514702
0.9	0.2184273
0.86	0.26746354
0.92	0.21152896
0.91	0.20511056
0.84	0.25921604
0.88	0.2793813
0.85	0.32218102
0.87	0.3218763
0.9	0.22321783
0.82	0.34683
0.9	0.23544747
0.9	0.29478595
0.88	0.2856336
0.85	0.35006583
0.9	0.23556061
0.83	0.31879333
0.83	0.33564743
0.93	0.18974508
0.85	0.26383185
0.9	0.35822347
0.93	0.23125388
0.89	0.2891388
0.86	0.32549164
0.88	0.3087697
0.84	0.35474506
0.91	0.2659027
0.85	0.2981489
0.79	0.4286092
0.83	0.37671113
0.95	0.17957938
0.84	0.39586884
0.88	0.2953546
0.85	0.2870526
0.92	0.19534118
0.91	0.2844263
0.88	0.31429192
0.84	0.3904646
0.91	0.25953346
0.85	0.30895108
0.86	0.25277033
0.89	0.3041658
0.88	0.2450226
0.93	0.19851221
0.89	0.22274663
0.88	0.28261408
0.9	0.24827768
0.92	0.23659998
0.92	0.22630392
0.85	0.2875748
0.87	0.2610548
0.86	0.27269986
0.89	0.26053026
0.91	0.23806792
0.9	0.21610074
0.92	0.21968004
0.9	0.2583521
0.91	0.24741773
0.89	0.30020362
0.83	0.3509314
0.84	0.34092683
0.86	0.29110777
0.9	0.2376068
0.91	0.2628991
0.89	0.27205786
0.88	0.22326118
0.9	0.24378982
0.87	0.25922477
0.9	0.25513324
0.88	0.2852169
0.89	0.301741
0.87	0.2448546
0.89	0.2912891
0.86	0.3121733
0.89	0.25298873
0.84	0.35254043
0.89	0.28290558
0.87	0.25325662
0.87	0.23735756
0.88	0.29179183
0.85	0.36319005
0.9	0.21719155
0.88	0.23019618
0.84	0.32726938
0.93	0.19829609
0.9	0.22592941
0.9	0.23349188
0.9	0.223554
0.93	0.23277998
0.89	0.30974814
0.83	0.3214164
0.89	0.23659897
0.87	0.29713994
0.89	0.2871813
0.89	0.2981375
0.89	0.30427316
0.88	0.2375204
0.93	0.20768625
0.87	0.27474523
0.91	0.23807569
0.94	0.19273224
0.9	0.27527907
0.87	0.29841766
0.89	0.27457187
0.87	0.36145028
0.88	0.29136044
0.88	0.2608391
0.88	0.26173085
0.95	0.1778631
0.89	0.31542793
0.84	0.30251598
0.94	0.19422464
0.92	0.22186305
0.89	0.23885462
0.82	0.38142264
0.86	0.33835652
0.86	0.27868974
0.87	0.2557694
0.89	0.27796707
0.95	0.23381563
0.85	0.32956314
0.82	0.31833693
0.78	0.35213876
0.85	0.3327438
0.9	0.2245275
0.87	0.26552162
0.89	0.22178364
0.86	0.30342674
0.9	0.22168112
0.85	0.259074
0.9	0.22023377
0.94	0.24985789
0.87	0.2805479
0.85	0.295084
0.92	0.27097288
0.88	0.2712865
0.84	0.32256222
0.85	0.35555825
0.89	0.28352737
0.9	0.2440961
0.87	0.30870658
0.92	0.25758025
0.89	0.2512429
0.9	0.22744909
0.87	0.3297753
0.83	0.33247417
0.93	0.19577798
0.84	0.28913945
0.83	0.3041202
0.86	0.31687433
0.84	0.34298322
0.88	0.25923768
0.89	0.26977292
0.86	0.27936304
0.83	0.39267376
0.9	0.22483729
0.88	0.30931258
0.88	0.29197586
0.82	0.3746448
0.88	0.2804228
0.9	0.25282693
0.92	0.21833688
0.88	0.23449007
0.89	0.25686598
0.86	0.27562645
0.91	0.2573167
0.93	0.24628597
0.88	0.25850123
0.91	0.21463294
0.92	0.22932173
0.84	0.31296548
0.85	0.29821235
0.88	0.2477273
0.85	0.330952
0.88	0.32067502
0.94	0.2287686
0.89	0.25426722
0.89	0.23283602
0.89	0.22966622
0.89	0.2940468
0.88	0.2743901
0.83	0.4136232
0.94	0.17823322
0.88	0.28895003
0.83	0.34299278
0.91	0.20345694
0.92	0.21398354
0.83	0.34873763
0.88	0.29391658
0.93	0.19956079
0.89	0.2266514
0.9	0.2310111
0.85	0.2961116
0.88	0.26127136
0.84	0.3201983
0.89	0.30119455
0.88	0.28600883
0.86	0.32629377
0.88	0.29263824
0.89	0.22575445
0.91	0.23510846
0.81	0.3548008
0.89	0.24360853
0.88	0.23115805
0.94	0.18742616
0.86	0.30826676
0.88	0.31992614
0.89	0.25366303
0.86	0.34985888
0.92	0.2231382
0.9	0.23914438
0.89	0.28026465
0.84	0.31989616
0.84	0.3443972
0.91	0.2804943
0.86	0.2583757
0.94	0.20117673
0.9	0.2291386
0.88	0.26036394
0.89	0.23772222
0.91	0.19876736
0.87	0.27263582
0.86	0.31604627
0.89	0.22717883
0.91	0.20196329
0.91	0.21188073
0.85	0.3561126
0.9	0.219331
0.88	0.25416043
0.9	0.25854582
0.88	0.31909668
0.89	0.25973848
0.83	0.31709927
0.91	0.21287502
0.92	0.2069232
0.88	0.3124417
0.87	0.27698278
0.91	0.27083734
0.88	0.28065503
0.91	0.2874812
0.9	0.24792117
0.93	0.20560011
0.93	0.23310809
0.78	0.43102944
0.88	0.24427037
0.92	0.19634928
0.86	0.30390233
0.9	0.2504527
0.91	0.23990402
0.87	0.26369676
0.91	0.231096
0.89	0.26565203
0.87	0.2722494
0.91	0.23267733
0.9	0.21355373
0.91	0.23635873
0.82	0.32111785
0.92	0.20431101
0.87	0.2761932
0.92	0.2054944
0.87	0.22927926
0.9	0.21715039
0.87	0.29966155
0.89	0.24812482
0.84	0.34487352
0.88	0.2539712
0.83	0.3110044
0.88	0.26736385
0.9	0.25017476
0.86	0.27401122
0.89	0.26074785
0.92	0.22877695
0.9	0.22188051
0.92	0.16473517
0.88	0.27421263
0.88	0.29546535
0.84	0.34495154
0.9	0.20271935
0.87	0.2850579
0.91	0.23794945
0.91	0.24726403
0.86	0.27025697
0.9	0.24283928
0.85	0.28687397
0.94	0.18399157
0.88	0.2978999
0.88	0.23230249
0.86	0.32785386
0.95	0.15700597
0.89	0.24447899
0.81	0.31816998
0.92	0.18817216
0.92	0.19557148
0.85	0.2705187
0.82	0.3964712
0.89	0.27538002
0.88	0.22896175
0.86	0.2891493
0.85	0.34975722
0.96	0.14867498
0.9	0.2634872
0.91	0.2118255
0.86	0.3421995
0.87	0.38260716
0.88	0.24529776
0.83	0.39453667
0.83	0.38282654
0.89	0.27731553
0.91	0.25778496
0.89	0.28361255
0.91	0.2541201
0.93	0.21915697
0.84	0.30697426
0.86	0.2990933
0.86	0.32134283
0.82	0.33617342
0.88	0.24752209
0.84	0.34845552
0.87	0.29390022
0.9	0.24726743
0.9	0.24501523
0.88	0.22626203
0.92	0.21543632
0.85	0.29293546
0.86	0.338398
0.83	0.3719491
0.84	0.31829566
0.89	0.24632707
0.9	0.22528084
0.85	0.2804954
0.91	0.26446372
0.88	0.3031089
0.88	0.2748105
0.93	0.23420662
0.84	0.33673638
0.92	0.18387794
0.87	0.26597062
0.86	0.28438723
0.88	0.3285018
0.89	0.2264697
0.89	0.2988596
0.88	0.21873915
0.85	0.352967
0.89	0.25171444
0.88	0.27179557
0.83	0.34069508
0.86	0.2548899
0.88	0.31704265
0.86	0.3272023
0.85	0.37907678
0.87	0.3321958
0.89	0.24823561
0.92	0.23561834
0.86	0.29891577
0.85	0.29671812
0.89	0.2793428
0.83	0.33129653
0.84	0.2994582
0.87	0.31926838
0.88	0.28053272
0.95	0.17440061
0.94	0.18940389
0.89	0.2683801
0.86	0.36517802
0.87	0.30600038
0.9	0.2572364
0.88	0.28681
0.87	0.2633208
0.85	0.33919227
0.87	0.26465514
0.92	0.23080163
0.83	0.32229215
0.86	0.29972333
0.88	0.24520466
0.86	0.25906906
0.88	0.2861379
0.91	0.23756842
0.92	0.25896764
0.92	0.19142893
0.95	0.1757266
0.87	0.30426893
0.88	0.24465778
0.88	0.32043132
0.85	0.3623247
0.86	0.3731527
0.83	0.33594775
0.88	0.27782634
0.85	0.2738499
0.84	0.31553257
0.89	0.24948649
0.89	0.21437277
0.81	0.36054447
0.88	0.2893673
0.9	0.24669686
0.86	0.28931528
0.86	0.28615063
0.89	0.26189032
0.85	0.30800393
0.91	0.2001143
0.9	0.2910904
0.88	0.28489572
0.92	0.23014806
0.9	0.26777256
0.87	0.27028736
0.82	0.35844585
0.86	0.26145
0.91	0.2059427
0.91	0.23861642
0.91	0.21575047
0.9	0.26986983
0.88	0.32092378
0.87	0.3190273
0.89	0.24974811
0.86	0.30237496
0.85	0.30341506
0.89	0.27925116
0.89	0.22349419
0.89	0.2207495
0.83	0.31554553
0.92	0.23738879
0.9	0.22094865
0.88	0.26238847
0.88	0.2923573
0.9	0.20461214
0.89	0.2483048
0.89	0.23279361
0.86	0.30334798
0.9	0.2304424
0.88	0.221401
0.82	0.3481995
0.88	0.27243957
0.84	0.3371552
0.87	0.28838983
0.81	0.40692538
0.93	0.27841312
0.86	0.26644585
0.93	0.20606036
0.9	0.24915798
0.87	0.28230548
0.89	0.2858776
0.91	0.20382309
0.91	0.24461165
0.92	0.21498768
0.85	0.31257662
0.92	0.19533612
0.86	0.2853383
0.87	0.27218297
0.85	0.26893735
0.9	0.24681811
0.87	0.2691475
0.93	0.21848848
0.86	0.23703423
0.88	0.28270745
0.87	0.3110628
0.87	0.2617052
0.89	0.272657
0.9	0.25989887
0.89	0.26176557
0.86	0.32915375
0.92	0.24501425
0.84	0.38405162
0.83	0.32613504
0.83	0.34587806
0.86	0.265662
0.88	0.25623524
0.79	0.4402443
0.86	0.30646902
0.94	0.169846
0.92	0.24937819
0.89	0.27999333
0.91	0.22654164
0.86	0.29099882
0.9	0.29402995
0.87	0.27094272
0.86	0.28784204
0.89	0.20746857
0.91	0.2308812
0.9	0.31975514
0.82	0.3760557
0.88	0.2959839
0.9	0.2558514
0.9	0.24392563
0.88	0.20709676
0.88	0.26960674
0.9	0.24539676
0.91	0.2565652
0.96	0.21135859
0.86	0.28090006
0.9	0.25101325
0.95	0.1758927
0.9	0.23656544
0.87	0.23539668
0.92	0.21266721
0.84	0.35886112
0.89	0.30175468
0.88	0.2605533
0.86	0.31064832
0.91	0.2159881
0.9	0.21676151
0.82	0.28954822
0.89	0.33864188
0.84	0.2868624
0.91	0.22383791
0.88	0.24003515
0.89	0.2469049
0.86	0.38249695
0.86	0.29937965
0.93	0.22620495
0.92	0.23199801
0.85	0.39538643
0.91	0.2098183
0.9	0.24985054
0.91	0.23928717
0.9	0.26115733
0.83	0.30907404
0.9	0.2637995
0.92	0.24025688
0.95	0.18102936
0.87	0.2673339
0.88	0.24660334
0.79	0.36330777
0.85	0.3039035
0.91	0.26834175
0.93	0.19108516
0.89	0.24667929
0.9	0.29359522
0.91	0.27146566
0.92	0.22975883
0.9	0.23434442
0.92	0.23456292
0.92	0.22787471
0.88	0.3158058
0.91	0.20319024
0.85	0.35701388
0.85	0.29709324
0.91	0.29361245
0.92	0.22882612
0.85	0.2857819
0.94	0.21192221
0.92	0.18700172
0.84	0.3236381
0.81	0.33939517
0.91	0.22676924
0.84	0.37907517
0.86	0.34022582
0.9	0.27071568
0.91	0.21521169
0.85	0.34955558
0.89	0.28969347
0.93	0.23082638
0.87	0.29356664
0.88	0.2591689
0.88	0.25016978
0.9	0.27322173
0.85	0.36073115
0.9	0.2886244
0.91	0.240494
0.85	0.3254215
0.92	0.2547295
0.89	0.23684251
0.85	0.3371462
0.89	0.29069576
0.88	0.26212338
0.93	0.20326404
0.88	0.27340627
0.89	0.24716924
0.86	0.30835727
0.87	0.28536478
0.9	0.20236532
0.87	0.32704848
0.93	0.16907339
0.88	0.29065326
0.9	0.29627168
0.92	0.2144622
0.91	0.23167951
0.89	0.3012603
0.93	0.21331257
0.84	0.32594398
0.89	0.24486311
0.91	0.2508919
0.81	0.35952592
0.89	0.24943258
0.88	0.2689259
0.93	0.2742886
0.84	0.3335292
0.92	0.21189573
0.9	0.23871993
0.84	0.38366523
0.92	0.2241023
0.9	0.27874452
0.83	0.3141605
0.83	0.32214105
0.91	0.24977997
0.91	0.24554233
0.92	0.19921437
0.91	0.24890885
0.92	0.26834103
0.85	0.30940127
0.91	0.24697044
0.88	0.26734602
0.88	0.28872338
0.9	0.2102762
0.84	0.2778538
0.89	0.235303
0.9	0.23726843
0.94	0.18601608
0.88	0.27020445
0.89	0.2631187
0.88	0.2462477
0.83	0.28144363
0.87	0.28560373
0.84	0.2879685
0.88	0.26927182
0.92	0.2449601
0.9	0.2520006
0.85	0.3142948
0.84	0.3266589
0.85	0.274488
0.88	0.27190205
0.84	0.28754383
0.9	0.25199565
0.88	0.25404215
0.85	0.24971437
0.91	0.23298675
0.89	0.22234577
0.91	0.22994864
0.89	0.2611002
0.88	0.23839912
0.91	0.22555032
0.88	0.2924486
0.87	0.28129926
0.88	0.29044092
0.84	0.33444068
0.89	0.24097735
0.86	0.23032667
0.9	0.23602976
0.89	0.23738144
0.89	0.29647475
0.86	0.2776225
0.82	0.33752164
0.92	0.21248953
0.88	0.27085134
0.93	0.17508781
0.91	0.23908086
0.87	0.3451887
0.91	0.20582862
0.89	0.26371008
0.9	0.30013365
0.87	0.33496895
0.89	0.2734703
0.9	0.23378482
0.86	0.3701278
0.82	0.4360297
0.83	0.31170133
0.87	0.25136366
0.9	0.25511846
0.82	0.40494433
0.83	0.3050456
0.84	0.2870852
0.94	0.18288144
0.84	0.37994975
0.91	0.24046944
0.88	0.307258
0.82	0.3617754
0.89	0.28481472
0.93	0.20637442
0.88	0.23057912
0.91	0.2631468
0.94	0.18193106
0.88	0.24253428
0.86	0.28606188
0.85	0.3096115
0.9	0.2368696
0.86	0.2879156
0.85	0.3262249
0.9	0.22391205
0.91	0.2126779
0.88	0.25132298
0.85	0.2885827
0.92	0.2439824
0.85	0.31959045
0.84	0.3207373
0.88	0.2977376
0.83	0.39600676
0.83	0.32075447
0.86	0.3165846
0.93	0.18141912
0.85	0.26681745
0.84	0.30993515
0.87	0.2712499
0.93	0.19369012
0.91	0.2374402
0.91	0.31498873
0.86	0.3281995
0.81	0.38235337
0.87	0.26958334
0.88	0.2564499
0.88	0.2781691
0.89	0.225395
0.88	0.30152237
0.93	0.17974967
0.9	0.25071016
0.9	0.25376305
0.88	0.29303697
0.88	0.23621823
0.86	0.2637813
0.89	0.24386506
0.85	0.2413376
0.86	0.3173188
0.87	0.27719086
0.9	0.20006245
0.9	0.2432671
0.92	0.2221189
0.86	0.26690528
0.83	0.32602662
0.88	0.2419866
0.85	0.28790748
0.9	0.23530336
0.9	0.22946614
0.87	0.25598273
0.87	0.25608587
0.81	0.4265436
0.89	0.26739895
0.84	0.3550421
0.8	0.35584885
0.85	0.28697354
0.89	0.24038279
0.87	0.28783512
0.9	0.23417096
0.89	0.26576033
0.84	0.35494632
0.82	0.30234966
0.93	0.1948926
0.88	0.27785966
0.9	0.2429255
0.87	0.2570504
0.89	0.25818554
0.92	0.20925009
0.89	0.22746581
0.95	0.18069744
0.86	0.31162846
0.87	0.30990624
0.95	0.18776463
0.88	0.24358223
0.84	0.2692408
0.93	0.23664823
0.89	0.21797329
0.85	0.29886654
0.89	0.24519722
0.83	0.30491957
0.9	0.2593267
0.84	0.30119634
0.9	0.24859184
0.99	0.15785003
0.87	0.2616409
0.85	0.34938046
0.87	0.317332
0.92	0.2233145
0.87	0.30118856
0.91	0.23350818
0.85	0.31526956
0.88	0.26474157
0.88	0.22893149
0.88	0.24162033
0.91	0.21505867
0.9	0.23674421
0.88	0.25906253
0.95	0.18985246
0.86	0.2644085
0.91	0.24912713
0.89	0.27824545
0.86	0.28638592
0.85	0.36598438
0.88	0.2941171
0.86	0.3314764
0.87	0.23184325
0.86	0.30647567
0.87	0.3178717
0.85	0.3391669
0.87	0.23896126
0.9	0.23373474
0.92	0.20985916
0.87	0.29017192
0.84	0.3205573
0.92	0.21149424
0.87	0.2848357
0.91	0.2346019
0.89	0.25899285
0.88	0.26341036
0.88	0.29792872
0.92	0.250529
0.89	0.25964776
0.84	0.24969769
0.92	0.21469586
0.91	0.27894408
0.84	0.38456902
0.91	0.21205139
0.86	0.25832653
0.88	0.21983182
0.91	0.30879253
0.92	0.25095704
0.91	0.21489164
0.84	0.2974415
0.93	0.17549156
0.86	0.26603362
0.9	0.22248718
0.87	0.24006736
0.89	0.2546317
0.87	0.32599556
0.87	0.2829275
0.85	0.36543912
0.88	0.2315673
0.91	0.2732153
0.84	0.32582074
0.88	0.3028322
0.89	0.24427994
0.91	0.23085928
0.85	0.2841806
0.92	0.21263577
0.94	0.1944417
0.9	0.24402031
0.85	0.30444577
0.81	0.3994588
0.9	0.28116938
0.89	0.26789257
0.89	0.25235912
0.88	0.25892058
0.83	0.369524
0.89	0.257515
0.91	0.213424
0.88	0.2694286
0.87	0.24047236
0.93	0.20005336
0.84	0.31585988
0.8	0.3171795
0.92	0.23128802
0.91	0.2173617
0.83	0.33240077
0.86	0.27876863
0.91	0.22478323
0.84	0.32768118
0.85	0.31647062
0.85	0.31680444
0.92	0.21518934
0.91	0.25371057
0.89	0.26281184
0.89	0.2577016
0.9	0.22326063
0.84	0.3488297
0.91	0.22704385
0.93	0.18857902
0.88	0.30497733
0.9	0.2309917
0.88	0.2868094
0.86	0.38749063
0.82	0.34112987
0.85	0.29346055
0.93	0.22421157
0.95	0.15215802
0.88	0.21963744
0.85	0.32156983
0.92	0.2384463
0.9	0.27223223
0.76	0.49835733
0.84	0.2856615
0.89	0.28865644
0.83	0.3489982
0.88	0.2573773
0.85	0.286934
0.84	0.2719144
0.86	0.29104427
0.92	0.22935988
0.9	0.26577255
0.9	0.22372247
0.91	0.2590693
0.87	0.25639847
0.92	0.22425923
0.8	0.3404955
0.9	0.21840802
0.92	0.23109327
0.92	0.20483752
0.93	0.20275883
0.91	0.21761
0.88	0.27326742
0.9	0.24856056
0.89	0.25090536
0.96	0.18392247
0.89	0.24162254
0.89	0.2782991
0.86	0.27598345
0.85	0.28065366
0.82	0.36509964
0.87	0.3492628
0.88	0.2774783
0.83	0.35404494
0.88	0.30586106
0.86	0.27995133
0.89	0.2787706
0.92	0.19710752
0.88	0.26279736
0.9	0.22875474
0.89	0.21272475
0.86	0.3283442
0.93	0.1556438
0.85	0.33443505
0.89	0.22536886
0.87	0.30219728
0.86	0.31005374
0.87	0.23951954
0.89	0.28511485
0.9	0.22228867
0.86	0.27843034
0.92	0.22973076
0.88	0.33567986
0.89	0.26317054
0.85	0.29709285
0.88	0.24712196
0.86	0.32565075
0.87	0.3175617
0.86	0.2952909
0.88	0.26310754
0.89	0.24094985
0.89	0.22668755
0.87	0.28804225
0.95	0.19654861
0.93	0.20250383
0.85	0.31031457
0.87	0.30305663
0.88	0.24882548
0.88	0.28603536
0.81	0.39137653
0.91	0.23521721
0.91	0.21493965
0.84	0.26783866
0.95	0.16390519
0.87	0.25752327
0.92	0.20956306
0.86	0.3100664
0.87	0.2943618
0.86	0.3263655
0.89	0.28905198
0.92	0.20925358
0.86	0.32547185
0.86	0.31519115
0.86	0.28710285
0.92	0.20255496
0.94	0.17214252
0.9	0.23374839
0.82	0.30120546
0.9	0.22430521
0.91	0.2313274
0.91	0.2164278
0.87	0.2713949
0.84	0.27500218
0.91	0.20937797
0.88	0.2791613
0.93	0.17301708
0.85	0.319039
0.9	0.25295934
0.86	0.2531637
0.93	0.17836209
0.9	0.22840662
0.86	0.2702252
0.84	0.3189793
0.91	0.20839992
0.87	0.28607407
0.9	0.22116636
0.91	0.23272583
0.89	0.2517777
0.93	0.23056549
0.85	0.30401152
0.92	0.22779772
0.87	0.33551913
0.92	0.29645687
0.88	0.2733513
0.89	0.3329035
0.87	0.29211873
0.83	0.31667957
0.91	0.22996229
0.88	0.26998258
0.85	0.30526215
0.9	0.21152121
0.89	0.2568661
0.85	0.25532895
0.87	0.32069314
0.93	0.18480027
0.89	0.25160807
0.87	0.25063553
0.9	0.22315368
0.85	0.29184744
0.9	0.24083443
0.91	0.20896678
0.9	0.18664187
0.86	0.2876032
0.88	0.3423787
0.87	0.24029171
0.9	0.23754208
0.89	0.20216872
0.91	0.23782028
0.77	0.468094
0.84	0.27747306
0.91	0.21285698
0.89	0.27710968
0.89	0.25934657
0.89	0.24697594
0.94	0.19267721
0.86	0.34216788
0.9	0.22678132
0.89	0.20969161
0.87	0.33656594
0.84	0.33512288
0.92	0.21401873
0.91	0.23480785
0.85	0.29141587
0.87	0.3149287
0.93	0.24102244
0.85	0.30537328
0.87	0.25503814
0.94	0.18380088
0.84	0.287722
0.9	0.25821802
0.88	0.2582345
0.92	0.23733254
0.87	0.33243197
0.84	0.30244672
0.92	0.2098034
0.93	0.1938629
0.92	0.19355398
0.9	0.20258322
0.84	0.29765567
0.88	0.27934957
0.81	0.32334724
0.83	0.2951716
0.84	0.28890958
0.85	0.27849025
0.87	0.33561516
0.85	0.30856135
0.87	0.2507452
0.92	0.23293844
0.91	0.21821228
0.93	0.18179335
0.86	0.28723675
0.86	0.31287536
0.87	0.34016442
0.92	0.21459629
0.94	0.2473033
0.91	0.21442272
0.85	0.3239433
0.85	0.29133603
0.92	0.23040834
0.87	0.26581702
0.9	0.32091862
0.75	0.43599674
0.88	0.23694623
0.81	0.34641576
0.93	0.17438164
0.84	0.31945205
0.82	0.33820346
0.86	0.25258896
0.86	0.29140708
0.86	0.29764438
0.95	0.20492719
0.89	0.26056743
0.94	0.19209233
0.85	0.36140576
0.85	0.29927295
0.89	0.24543853
0.86	0.29935747
0.87	0.31192353
0.87	0.25486425
0.83	0.32078493
0.86	0.29308683
0.86	0.28922606
0.87	0.26761535
0.95	0.14478023
0.87	0.26376802
0.87	0.26584557
0.92	0.2384777
0.91	0.19700359
0.93	0.22809452
0.84	0.32634345
0.87	0.3370111
0.89	0.24785315
0.87	0.27487305
0.89	0.26738572
0.9	0.24384554
0.94	0.16409825
0.91	0.25139812
0.86	0.3390402
0.91	0.26914206
0.89	0.21293896
0.9	0.2554427
0.9	0.23829053
0.93	0.19151945
0.89	0.31944087
0.83	0.32451144
0.93	0.19986944
0.93	0.18924098
0.84	0.32605767
