0.66	0.73141503
0.605	11.042428
0.53333336	121.83516
0.525	15.711854
0.62	0.0
0.51666665	447.62546
0.5228571	29.752356
0.50375	66.4014
0.49333334	18.343277
0.51	7.616759
0.51272726	10.585654
0.50916666	9.259231
0.50076926	6.3235555
0.5042857	10.761282
0.5046667	11.125043
0.50125	2.5305948
0.4917647	10.746664
0.4977778	3.7395184
0.49789473	8.1257925
0.5015	2.1403434
0.49571428	22.210373
0.49818182	1.7970325
0.5021739	2.9156268
0.505	2.5767493
0.5092	2.4915519
0.5123077	2.0374718
0.5185185	2.1472366
0.5225	3.7555606
0.52689654	2.3661716
0.5276667	2.720577
0.5309677	1.7949497
0.535625	1.799996
0.53939396	2.1336799
0.5414706	1.8685205
0.54228574	2.1816366
0.54333335	2.542659
0.54783785	1.2792239
0.5518421	1.1842775
0.5538462	1.3484837
0.558	1.0317494
0.56	1.4206315
0.5645238	1.0384119
0.56860465	0.6518061
0.56886363	0.9751776
0.57155555	0.64245474
0.57586956	0.5332021
0.57957447	0.58385336
0.5833333	0.5231291
0.5867347	0.55238223
0.59	0.45149207
0.5905882	0.6958395
0.59192306	0.49968874
0.5949057	0.51326853
0.59833336	0.48418552
0.6012727	0.52284795
0.60535717	0.49395177
0.6080702	0.5309577
0.6103448	0.5826955
0.6130508	0.5425635
0.6153333	0.48904622
0.61737704	0.5028097
0.61951613	0.5317523
0.6225397	0.4160282
0.62453127	0.52134305
0.6270769	0.49192145
0.62954545	0.48410088
0.6313433	0.50810343
0.6338235	0.46326295
0.6357971	0.5613921
0.63771427	0.519191
0.64014083	0.3925743
0.6422222	0.47564286
0.6445205	0.4395556
0.64662164	0.441931
0.6490667	0.4384172
0.6507895	0.47754598
0.65194803	0.47750306
0.6535897	0.4941879
0.655443	0.44097164
0.657625	0.37356198
0.6593827	0.42804688
0.6615854	0.4130079
0.6637349	0.39393258
0.66559523	0.3756234
0.66764706	0.38716915
0.6698837	0.35930157
0.6716092	0.39649367
0.6735227	0.38517463
0.6751685	0.43661296
0.6764445	0.48342785
0.6773626	0.49150127
0.67891306	0.40654954
0.68096775	0.3575389
0.68180853	0.44175234
0.68357897	0.35744682
0.68427086	0.47142446
0.6854639	0.4407451
0.6867347	0.48488292
0.6880808	0.45657253
0.689	0.45768094
0.690297	0.41440642
0.69215685	0.31577584
0.6937864	0.34758878
0.6945192	0.48331192
0.69514287	0.48716056
0.6965094	0.33679894
0.697757	0.38131213
0.69861114	0.46327507
0.6998165	0.36410126
0.7009091	0.4340348
0.7015315	0.46012098
0.70205355	0.5012596
0.70300883	0.43455997
0.7038596	0.4119399
0.7047826	0.423557
0.70612067	0.33616552
0.70692307	0.41676462
0.70779663	0.38013005
0.7090756	0.3200306
0.7100833	0.38308284
0.71082646	0.44835794
0.7115574	0.38956344
0.7129268	0.32594964
0.7139516	0.34499827
0.71512	0.3709367
0.71603173	0.3750067
0.71692914	0.44280156
0.71765625	0.44639263
0.7184496	0.43960226
0.71946156	0.33386788
0.720229	0.40724078
0.7209849	0.4980492
0.7213534	0.47955036
0.7219403	0.41303483
0.7223704	0.43937477
0.7230147	0.35407376
0.7231387	0.4540616
0.72413045	0.37399617
0.7247482	0.4287784
0.72578573	0.3736824
0.7262411	0.40203884
0.7269718	0.35681576
0.7276923	0.3958066
0.72847223	0.37906256
0.7293793	0.34782836
0.73	0.42513993
0.7308844	0.3510588
0.7313514	0.48638028
0.7320805	0.36950642
0.73293334	0.3279036
0.73417217	0.2906459
0.7348026	0.33318073
0.7352941	0.34685022
0.73551947	0.46942252
0.7368387	0.2364713
0.73717946	0.49356708
0.737707	0.39275676
0.7377215	0.46972692
0.7384277	0.37835214
0.7388125	0.44903675
0.73925465	0.49340168
0.7395062	0.42384312
0.7397546	0.49331388
0.74036586	0.36762458
0.7413333	0.32595938
0.74198794	0.37290755
0.7426347	0.4015702
0.7427976	0.4872815
0.7435503	0.40184593
0.7441176	0.34225196
0.7446199	0.33606914
0.7452907	0.33660194
0.74560696	0.4158576
0.745977	0.3987405
0.7464	0.36518487
0.7467614	0.46574727
0.7473446	0.3391962
0.74797755	0.3131303
0.74832404	0.38635632
0.7491111	0.2899514
0.7496685	0.38360354
0.7502747	0.37720856
0.75071037	0.42435715
0.7510326	0.39759585
0.7514054	0.36525035
0.75166667	0.44545227
0.7520321	0.4002454
0.7520308	0.3775157
0.7523921	0.3673711
0.75301397	0.30808213
0.7535767	0.31069916
0.7540812	0.33474824
0.75416404	0.49363726
0.7544014	0.45493904
0.75484234	0.35891715
0.7552788	0.3190278
0.7556088	0.36473924
0.7556818	0.5008145
0.7561579	0.33204573
0.75662917	0.32014805
0.75709575	0.34099588
0.7571102	0.4907352
0.7574708	0.37795952
0.75792634	0.32177463
0.75832844	0.3397903
0.7584341	0.4166786
0.75882983	0.33883697
0.7589803	0.3923313
0.75941765	0.3422278
0.7596595	0.3510406
0.7597563	0.3897794
0.7601364	0.40405804
0.7602772	0.37650645
0.7606982	0.3375878
0.761162	0.39854842
0.76143545	0.47909787
0.76203036	0.25437558
0.7617907	0.5421326
0.7617825	0.42996955
0.762322	0.26941445
0.76276577	0.32744187
0.76329595	0.31590825
0.76359624	0.31577083
0.7639835	0.3264686
0.7641888	0.38213062
0.7646144	0.36684772
0.76494783	0.33688614
0.7654544	0.32999843
0.76578116	0.44620678
0.7661924	0.39245117
0.7663393	0.40591517
0.76661474	0.4899104
0.7671032	0.31077516
0.76728725	0.3733753
0.7675978	0.38641414
0.7680759	0.29806146
0.76833814	0.39172223
0.76868254	0.30859807
0.76915	0.35761082
0.7692372	0.43077156
0.76957357	0.3073014
0.7699486	0.34681526
0.7702379	0.37455264
0.77048373	0.4295548
0.77076846	0.35519207
0.77088773	0.45896327
0.771006	0.3869028
0.7712043	0.40112686
0.77132034	0.43568602
0.7715559	0.3537504
0.7720694	0.30046576
0.77237976	0.45661378
0.7726876	0.33201233
0.772835	0.35149193
0.7730206	0.3979879
0.77343994	0.27943736
0.77373886	0.36898133
0.7736077	0.5026307
0.7738261	0.36401528
0.77392715	0.4502747
0.7741811	0.39863178
0.7743566	0.36364922
0.77460706	0.36344826
0.7747416	0.3955341
0.7751401	0.33357227
0.77519614	0.39017528
0.77525175	0.3767926
0.77538186	0.38523117
0.77547365	0.36988354
0.7755648	0.47809732
0.7756923	0.3828746
0.77604014	0.34239563
0.77609146	0.38088945
0.77647185	0.29857552
0.7763753	0.41844097
0.7765339	0.354282
0.7767999	0.34041655
0.7770641	0.32614192
0.7774702	0.25938004
0.77773	0.4376621
0.7779523	0.29780826
0.7783509	0.28257126
0.7785694	0.32692662
0.77889234	0.35803813
0.779213	0.25272712
0.7795314	0.26763347
0.7798127	0.28681743
0.7803357	0.2590858
0.7805081	0.36396268
0.78078306	0.28621304
0.78102165	0.3564625
0.78143036	0.26717243
0.7816651	0.29653046
0.78196645	0.26392946
0.7821977	0.30325127
0.78229195	0.38097492
0.7825206	0.32677802
0.7826131	0.35518917
0.78293973	0.2684258
0.78329766	0.34224743
0.78358656	0.24006966
0.7837739	0.37968066
0.7839931	0.33366603
0.78421086	0.34912255
0.7845587	0.24892986
0.7848715	0.32508153
0.7851823	0.29071963
0.7851328	0.39657447
0.7851811	0.34762856
0.785229	0.3553282
0.78563136	0.24828902
0.78561324	0.47340462
0.78575546	0.3188266
0.7859607	0.36252362
0.7861327	0.3598963
0.78643054	0.31930348
0.78653675	0.35569042
0.7867054	0.33969483
0.78674716	0.39543378
0.786914	0.32679847
0.7872048	0.31074837
0.7874315	0.34985518
0.78762573	0.34348434
0.78775686	0.37769112
0.78807235	0.229011
0.7882013	0.42281154
0.78842145	0.30806035
0.78833455	0.43512225
0.78858346	0.30305415
0.7888916	0.273078
0.7890464	0.3285063
0.7892607	0.35001728
0.7891726	0.48936936
0.78935516	0.4004342
0.78938705	0.4067718
0.7893889	0.38898057
0.789718	0.24936718
0.7899858	0.29467803
0.79004496	0.40610084
0.7901038	0.335521
0.7903681	0.30641288
0.7905136	0.33548832
0.79057056	0.37870434
0.7907729	0.3403864
0.7909741	0.34941804
0.79131895	0.23743998
0.7915463	0.30854514
0.79159945	0.32805535
0.7918821	0.24294403
0.79201996	0.4184134
0.79224265	0.25870395
0.79226476	0.4650082
0.79242873	0.40984914
0.7927334	0.27304047
0.7928103	0.3349881
0.793084	0.35895166
0.79321575	0.34178677
0.7932628	0.40955874
0.7934212	0.32500294
0.7935509	0.3915001
0.7938465	0.30481347
0.7940851	0.30538258
0.794129	0.36300275
0.7942278	0.3588321
0.7942711	0.39158562
0.7945607	0.24184579
0.7946029	0.38292983
0.7948627	0.2743235
0.79498535	0.3098634
0.79526985	0.28973678
0.79520154	0.40131825
0.7954031	0.25011596
0.7956036	0.29594338
0.79585654	0.23416966
0.796028	0.3202531
0.7962252	0.33841133
0.79639477	0.29458088
0.79656345	0.29637948
0.79662544	0.35276085
0.79679257	0.3920082
0.7970115	0.27214694
0.79709804	0.2474318
0.79723644	0.30053687
0.7974003	0.2869967
0.7974852	0.35604945
0.79762155	0.34395856
0.7975759	0.31287202
0.7977113	0.30477893
0.7979491	0.2875462
0.7979544	0.37931338
0.7980109	0.34649888
0.7982461	0.30781004
0.79853106	0.21570766
0.7987892	0.38148475
0.79889375	0.3240308
0.79899776	0.41551512
0.79925275	0.25813696
0.79938054	0.30395117
0.7994826	0.5117012
0.79975945	0.3059576
0.799985	0.23776713
0.8001346	0.3092993
0.8004576	0.20500007
0.8006549	0.27702236
0.80080175	0.30976316
0.80084914	0.34327194
0.8008717	0.38845718
0.8008695	0.3369532
0.8009899	0.39714476
0.80113417	0.3507515
0.8013021	0.28113574
0.8013719	0.3586314
0.8012715	0.3643654
0.8013168	0.37064064
0.80143434	0.32688335
0.8015754	0.32369384
0.8017639	0.28025627
0.8018796	0.30956614
0.8020903	0.28096172
0.80225235	0.29048187
0.802485	0.28723285
0.80269283	0.29483694
0.80289966	0.22523272
0.8029164	0.40689757
0.8029803	0.3681533
0.80304384	0.43010736
0.80315405	0.31363967
0.8033808	0.28271705
0.8033262	0.40444124
0.8034582	0.36042795
0.8036362	0.27493668
0.8038365	0.2532339
0.8040359	0.3084209
0.8042806	0.25377682
0.804455	0.30726922
0.80455965	0.3310723
0.8046868	0.2750852
0.8048133	0.30292493
0.8049849	0.2478665
0.80515575	0.2820697
0.8051668	0.3616785
0.80529106	0.32111874
0.80536956	0.31387636
0.80544776	0.36751512
0.8054805	0.4175626
0.80551314	0.34305623
0.8056577	0.35442725
0.8058687	0.2877024
0.80598944	0.34279633
0.8060429	0.37980667
0.8062295	0.25067726
0.8062378	0.33936858
0.8063346	0.2795943
0.80649716	0.2831514
0.806637	0.3003261
0.8067982	0.31144473
0.80691487	0.32865494
0.8070091	0.32989833
0.8071029	0.32338655
0.8072617	0.24851787
0.8073546	0.30657086
0.80733865	0.4279975
0.8073877	0.36771026
0.80756605	0.270556
0.80776525	0.27272043
0.80783457	0.3486688
0.8078821	0.41329694
0.8080579	0.23198733
0.8083184	0.23280606
0.8084925	0.412284
0.8086446	0.27829358
0.80866873	0.4625469
0.80875623	0.33430192
0.8088857	0.35548347
0.8089935	0.26310822
0.80897456	0.47107685
0.80899775	0.4152668
0.8090627	0.296957
0.80919015	0.35179842
0.80912924	0.36702663
0.8091727	0.31574708
0.8093615	0.27926055
0.80946654	0.37966296
0.8095504	0.35628995
0.80969596	0.25746945
0.8097172	0.40351146
0.8098412	0.27389127
0.809862	0.37505051
0.8100262	0.30039343
0.81014884	0.32767212
0.81029135	0.28554934
0.81041294	0.39643747
0.81049335	0.35450348
0.8106749	0.23617224
0.8107747	0.33080828
0.8108741	0.3246048
0.8110336	0.2881138
0.81113213	0.27917036
0.81123024	0.31856427
0.8112879	0.37811318
0.81140524	0.328795
0.81154215	0.34728926
0.81161875	0.35714185
0.81169504	0.34904048
0.8118702	0.2187023
0.8119457	0.35454506
0.81208014	0.3503131
0.8121155	0.415022
0.81219006	0.2870524
0.8123429	0.3669542
0.8125539	0.24153228
0.81270546	0.22689386
0.81281734	0.29871508
0.81290925	0.25522426
0.8130592	0.29763463
0.8131697	0.33097786
0.8131636	0.40561128
0.8132542	0.2370771
0.81346023	0.27546376
0.8135691	0.3074857
0.8136007	0.3306842
0.8135746	0.33610797
0.81375927	0.24989071
0.8138668	0.32348362
0.8140693	0.22017404
0.81423295	0.23017575
0.814415	0.193558
0.81444454	0.35090542
0.8145308	0.34397256
0.8146734	0.28081536
0.81470233	0.35817853
0.8149194	0.2738044
0.81496656	0.34919158
0.8150698	0.38636836
0.81511647	0.27985668
0.81533116	0.25474286
0.8154704	0.27160382
0.81557196	0.31307194
0.81572884	0.2335141
0.815811	0.272881
0.81589276	0.23302972
0.8160482	0.25422347
0.81611085	0.29433265
0.81622845	0.29559287
0.81643754	0.24966054
0.8165541	0.3075432
0.81667036	0.26050216
0.8168409	0.19209856
0.8170109	0.18570936
0.8171074	0.2782653
0.81725806	0.30758104
0.8172993	0.3356111
0.81741285	0.2643603
0.8173995	0.43584946
0.8175666	0.26970255
0.81762505	0.2842306
0.8176473	0.46169722
0.81777716	0.21481532
0.81787074	0.24541542
0.8179461	0.27996057
0.818039	0.35708508
0.81811374	0.33124343
0.8180993	0.35651815
0.81813824	0.33695436
0.8182479	0.28938335
0.81826866	0.34209985
0.8183424	0.27508977
0.8184864	0.2521504
0.81857705	0.31995988
0.8186674	0.30738595
0.81884515	0.20805366
0.8189697	0.33508432
0.8190764	0.25879392
0.8190257	0.44407952
0.8191841	0.21883148
0.81930727	0.33986178
0.81932586	0.30378354
0.81943095	0.2533844
0.81946653	0.30369326
0.8195711	0.2756796
0.81972694	0.18344748
0.81974465	0.28423485
0.8197279	0.467298
0.81983125	0.31759173
0.81995136	0.30326283
0.81981474	0.4410246
0.81978095	0.35834098
0.8199005	0.27183035
0.8200197	0.25325367
0.8199518	0.40255904
0.81990105	0.3047292
0.8200196	0.28667587
0.8201716	0.2665789
0.8202387	0.27579352
0.82023835	0.3793843
0.82025474	0.33645368
0.82037175	0.24716373
0.8205386	0.257053
0.8206547	0.28387138
0.8208038	0.23141102
0.82091916	0.24996817
0.82101744	0.2348007
0.8210822	0.35425445
0.8211633	0.23312359
0.8212441	0.31470647
0.8213743	0.2870898
0.821504	0.34447888
0.82158387	0.30779597
0.82164705	0.27425376
0.8217757	0.22163811
0.8219039	0.26576632
0.8220317	0.25038064
0.8221427	0.22816768
0.82217187	0.288546
0.8221195	0.3840567
0.8221648	0.3414752
0.82224244	0.27062976
0.8223036	0.2673671
0.82241315	0.29808334
0.82253844	0.24794005
0.8225827	0.24495628
0.82257855	0.387545
0.822687	0.25614777
0.82276285	0.3228301
0.82277447	0.37953734
0.822866	0.31301093
0.82297325	0.2478818
0.823112	0.2588181
0.82323444	0.28050184
0.82335645	0.31829557
0.82344633	0.29420307
0.8235359	0.3228549
0.82362527	0.24917874
0.8237459	0.2513827
0.8236927	0.4611006
0.82368684	0.35605472
0.8236968	0.31958693
0.82376945	0.24303631
0.8238889	0.2636553
0.8239767	0.31315318
0.8240955	0.2831091
0.8241359	0.40968072
