0.83	0.34331486
0.81	0.4126363
0.8	0.38814527
0.74	0.43783015
0.83	0.34432346
0.86	0.33507356
0.77	0.4235174
0.82	0.4061319
0.91	0.30792084
0.82	0.3906513
0.75	0.4536122
0.81	0.38913444
0.8	0.42443904
0.8	0.3909848
0.84	0.37545174
0.77	0.37937278
0.8	0.42469552
0.8	0.4011861
0.82	0.409008
0.89	0.32175505
0.84	0.35520068
0.74	0.49558297
0.8	0.4367257
0.79	0.37997094
0.79	0.44696912
0.82	0.3524958
0.87	0.28497708
0.86	0.35298276
0.79	0.48584405
0.81	0.38010094
0.8	0.4474881
0.84	0.3852142
0.83	0.3821459
0.81	0.42711452
0.82	0.39551285
0.83	0.3626099
0.8	0.4208596
0.8	0.41854587
0.87	0.342597
0.91	0.24701989
0.87	0.3279179
0.84	0.3350029
0.77	0.45137465
0.74	0.48726842
0.82	0.39696357
0.79	0.4501106
0.77	0.42873156
0.89	0.37456265
0.87	0.33104107
0.86	0.350377
0.84	0.40088692
0.84	0.3990169
0.82	0.48491475
0.76	0.4628107
0.85	0.3256764
0.86	0.3725774
0.84	0.3837184
0.84	0.35356578
0.8	0.39117625
0.83	0.3601006
0.8	0.41349408
0.77	0.40788138
0.81	0.41725436
0.83	0.38784602
0.82	0.38896164
0.83	0.34945104
0.74	0.43215135
0.77	0.42981106
0.84	0.39312926
0.81	0.43913868
0.78	0.42989862
0.84	0.3930199
0.87	0.38117984
0.85	0.39059466
0.83	0.37618035
0.83	0.3788579
0.78	0.46153972
0.77	0.3854805
0.83	0.37653354
0.82	0.39360818
0.79	0.42205203
0.84	0.32097825
0.83	0.34711063
0.86	0.40138656
0.78	0.4624045
0.84	0.33262235
0.81	0.40772378
0.76	0.426518
0.84	0.42418915
0.76	0.49320716
0.86	0.35723087
0.8	0.35737982
0.84	0.35966393
0.79	0.41373527
0.81	0.3775775
0.76	0.4518636
0.84	0.3809271
0.83	0.34411475
0.84	0.3567516
0.8	0.41384983
0.82	0.40327895
0.85	0.3212825
0.77	0.44463295
0.79	0.47431746
0.83	0.44283074
0.84	0.3750176
0.79	0.37221164
0.84	0.36497852
0.78	0.45569068
0.83	0.34200817
0.72	0.5328695
0.87	0.36469123
0.8	0.3904568
0.83	0.3338752
0.81	0.43138188
0.79	0.43613294
0.87	0.3296488
0.78	0.4073591
0.8	0.4049531
0.79	0.41241172
0.77	0.47723857
0.85	0.33552548
0.81	0.38006467
0.83	0.42748222
0.86	0.33017018
0.87	0.3252113
0.81	0.40645424
0.83	0.34987217
0.87	0.32876858
0.81	0.41630718
0.82	0.40268964
0.8	0.3964714
0.79	0.3862193
0.84	0.3138317
0.78	0.41496015
0.75	0.4429136
0.79	0.3940539
0.81	0.43841603
0.87	0.32517555
0.86	0.33982667
0.84	0.3495485
0.85	0.3678691
0.82	0.3573825
0.84	0.3150223
0.81	0.39783296
0.86	0.30542982
0.85	0.31916806
0.84	0.42734268
0.8	0.38846904
0.8	0.4198756
0.85	0.34336653
0.8	0.41373268
0.84	0.33810276
0.85	0.35724378
0.84	0.4067187
0.75	0.45119035
0.86	0.3315751
0.8	0.3941866
0.84	0.44187167
0.85	0.37838253
0.89	0.30093294
0.82	0.4067918
0.83	0.37170056
0.81	0.35496724
0.83	0.39869323
0.83	0.40014595
0.8	0.40893313
0.73	0.49394745
0.84	0.3498859
0.86	0.33988944
0.78	0.38666332
0.83	0.34525993
0.78	0.44669694
0.82	0.4015732
0.81	0.36714953
0.8	0.41284266
0.81	0.38145497
0.8	0.3713196
0.87	0.3387612
0.85	0.35000652
0.78	0.43499714
0.75	0.50607634
0.79	0.44047529
0.79	0.4432769
0.85	0.39443925
0.82	0.34065327
0.78	0.42605343
0.86	0.35067418
0.79	0.4440866
0.82	0.3966745
0.83	0.3790344
0.87	0.3387583
0.77	0.47522563
0.79	0.4280455
0.81	0.3571318
0.8	0.42612797
0.82	0.41425362
0.82	0.4155262
0.85	0.3291365
0.84	0.37457997
0.71	0.4853907
0.85	0.37572742
0.82	0.37145835
0.8	0.43855786
0.81	0.43958542
0.83	0.3758139
0.87	0.3204447
0.84	0.3813812
0.8	0.42544606
0.76	0.4504025
0.84	0.41074163
0.8	0.43480065
0.8	0.4064763
0.8	0.35750282
0.83	0.38192663
0.81	0.40053222
0.78	0.43395415
0.79	0.45796975
0.85	0.392334
0.84	0.34438252
0.88	0.31775782
0.79	0.46240997
0.77	0.443937
0.86	0.35459754
0.77	0.4775827
0.84	0.33271083
0.81	0.3664276
0.85	0.3527728
0.81	0.41005692
0.85	0.36773658
0.83	0.33222684
0.88	0.3140996
0.93	0.2398963
0.74	0.4583331
0.8	0.38353312
0.73	0.54427904
0.84	0.36731097
0.85	0.41086757
0.81	0.40820554
0.89	0.3582257
0.84	0.36225224
0.81	0.3706849
0.83	0.35142908
0.81	0.36477593
0.84	0.37468356
0.76	0.4498024
0.79	0.39451054
0.81	0.38305938
0.75	0.40367192
0.86	0.36108783
0.81	0.44304007
0.8	0.4166526
0.88	0.31483406
0.87	0.3204996
0.77	0.4990133
0.77	0.43144727
0.8	0.41035452
0.81	0.37515816
0.81	0.4078505
0.86	0.3547692
0.81	0.40617698
0.88	0.34123832
0.85	0.3569994
0.75	0.45049915
0.84	0.34818608
0.86	0.2967899
0.78	0.43351927
0.76	0.41273978
0.75	0.47881734
0.84	0.436906
0.88	0.3057036
0.83	0.37216008
0.79	0.40287063
0.81	0.3949299
0.86	0.32740986
0.85	0.4067553
0.86	0.35204852
0.81	0.40975934
0.75	0.5142102
0.79	0.3772298
0.83	0.38905936
0.85	0.32639685
0.83	0.37377945
0.83	0.38308808
0.86	0.3126708
0.82	0.36982635
0.87	0.32937333
0.81	0.36705244
0.87	0.30927455
0.81	0.4169302
0.85	0.39320335
0.8	0.39409244
0.81	0.3208288
0.77	0.40047425
0.81	0.38880026
0.84	0.33157098
0.82	0.41923827
0.77	0.3812403
0.81	0.437279
0.83	0.40028697
0.82	0.35883576
0.84	0.37084734
0.81	0.40559042
0.85	0.3281164
0.78	0.41878882
0.83	0.398109
0.8	0.45637092
0.82	0.35965347
0.78	0.3718966
0.79	0.4581491
0.87	0.35257244
0.84	0.35256466
0.84	0.3930928
0.84	0.3523519
0.87	0.313759
0.78	0.53665495
0.83	0.3322604
0.8	0.38793322
0.83	0.397904
0.79	0.4311695
0.84	0.35906658
0.79	0.44353756
0.75	0.44603565
0.83	0.39099017
0.86	0.44047475
0.72	0.59912455
0.8	0.4011047
0.86	0.32956123
0.9	0.3473386
0.85	0.30448574
0.83	0.40203965
0.79	0.40423593
0.84	0.40552273
0.78	0.41421363
0.79	0.3473658
0.83	0.37511346
0.87	0.31452802
0.81	0.40568256
0.85	0.33800805
0.74	0.5865114
0.85	0.35249797
0.76	0.42492747
0.75	0.43407777
0.82	0.38444275
0.83	0.40851066
0.78	0.3951635
0.87	0.32603195
0.83	0.41317707
0.81	0.39495242
0.79	0.40501904
0.82	0.34217966
0.82	0.45507848
0.73	0.51379013
0.86	0.38565055
0.79	0.38124335
0.84	0.36205578
0.81	0.3800757
0.76	0.4398345
0.84	0.3551441
0.8	0.40932816
0.76	0.4276792
0.87	0.40487903
0.82	0.3709521
0.8	0.43667388
0.87	0.33924302
0.85	0.35497102
0.82	0.41104832
0.87	0.34432495
0.8	0.4099099
0.84	0.34690833
0.78	0.50097585
0.8	0.42754975
0.81	0.42777196
0.77	0.4352266
0.86	0.31079644
0.85	0.36866462
0.83	0.36321563
0.86	0.34918362
0.82	0.35116136
0.87	0.35024872
0.8	0.37852886
0.85	0.40493625
0.88	0.32889828
0.82	0.42101502
0.85	0.3456219
0.8	0.3501868
0.83	0.3531176
0.77	0.41922405
0.79	0.43329415
0.86	0.32543027
0.84	0.33963355
0.81	0.46504062
0.84	0.35750243
0.84	0.37349445
0.84	0.34171414
0.77	0.41955623
0.73	0.49045098
0.89	0.28861824
0.8	0.37249556
0.89	0.27612782
0.77	0.4449884
0.72	0.48080307
0.89	0.2850128
0.85	0.3381687
0.81	0.4285508
0.82	0.40947616
0.85	0.37097913
0.81	0.39272746
0.85	0.344165
0.82	0.43556145
0.81	0.3840212
0.77	0.4928464
0.82	0.39583224
0.82	0.40243298
0.79	0.38519958
0.93	0.25670716
0.85	0.28571948
0.86	0.3124155
0.79	0.43171772
0.8	0.42538768
0.86	0.3226947
0.8	0.42167237
0.85	0.3487433
0.8	0.4094994
0.77	0.43577567
0.75	0.49826375
0.87	0.3140498
0.83	0.33272365
0.84	0.35319808
0.79	0.3835069
0.77	0.47462794
0.74	0.47255486
0.81	0.42746317
0.77	0.40443364
0.86	0.33109882
0.81	0.39198261
0.9	0.2500593
0.88	0.3029841
0.82	0.34999293
0.74	0.49913424
0.81	0.43285644
0.7	0.51687133
0.76	0.4982621
0.79	0.4040424
0.73	0.48374194
0.84	0.37278733
0.76	0.48334867
0.85	0.3618284
0.84	0.33340716
0.84	0.4837386
0.84	0.3737257
0.83	0.376988
0.86	0.35441294
0.83	0.36034462
0.82	0.36850956
0.81	0.34807944
0.87	0.3233847
0.82	0.34373394
0.79	0.4037209
0.83	0.34792167
0.87	0.3711769
0.81	0.4023939
0.84	0.31902665
0.79	0.4046424
0.71	0.49970868
0.83	0.36891922
0.85	0.38508537
0.78	0.40657493
0.8	0.37034947
0.82	0.42644483
0.81	0.4834503
0.88	0.33044484
0.78	0.43249616
0.82	0.42184377
0.81	0.4178542
0.76	0.48428977
0.87	0.3276343
0.8	0.41232288
0.83	0.31375164
0.78	0.41819245
0.79	0.4351775
0.76	0.43987048
0.8	0.4426218
0.81	0.38796
0.83	0.3600336
0.88	0.3598551
0.83	0.36528242
0.78	0.44029245
0.84	0.39913765
0.83	0.3544066
0.88	0.30279326
0.81	0.3736087
0.86	0.31117114
0.85	0.34169418
0.84	0.3400007
0.85	0.35901755
0.78	0.39169404
0.83	0.32824257
0.76	0.41249952
0.75	0.4284789
0.87	0.32637298
0.79	0.3821404
0.81	0.3706312
0.73	0.48675525
0.84	0.33989856
0.84	0.4232279
0.88	0.34148818
0.81	0.3656864
0.82	0.35527328
0.83	0.3676801
0.83	0.3651844
0.87	0.349515
0.81	0.34870774
0.78	0.41149816
0.83	0.40900335
0.81	0.35054702
0.82	0.33060893
0.85	0.33800307
0.89	0.3145508
0.86	0.33915618
0.85	0.34991506
0.81	0.38406503
0.83	0.34108403
0.77	0.4283197
0.82	0.39616847
0.83	0.40782538
0.79	0.4228396
0.82	0.37375262
0.87	0.3156209
0.84	0.3544361
0.82	0.36555722
0.8	0.4019379
0.68	0.57840496
0.79	0.4461235
0.83	0.32041302
0.85	0.39123824
0.81	0.3968834
0.78	0.42154798
0.85	0.3299433
0.76	0.4405123
0.8	0.38563702
0.83	0.3929802
0.78	0.47086284
0.86	0.3937517
0.79	0.45333043
0.79	0.39438924
0.86	0.34509096
0.82	0.38712433
0.78	0.4705609
0.8	0.36644033
0.76	0.47067875
0.84	0.3495838
0.88	0.32383677
0.82	0.36610356
0.76	0.38897732
0.79	0.34832895
0.85	0.36757052
0.76	0.45378593
0.85	0.35697132
0.85	0.35048935
0.77	0.46849418
0.86	0.40092525
0.8	0.38485554
0.87	0.26786655
0.88	0.30638024
0.82	0.36144066
0.8	0.4209965
0.85	0.3723048
0.79	0.38872504
0.8	0.41360778
0.8	0.3744035
0.82	0.3842425
0.85	0.35977197
0.83	0.41632327
0.85	0.34561962
0.77	0.40033665
0.81	0.3606529
0.79	0.44230464
0.86	0.28225544
0.88	0.31236017
0.83	0.38620785
0.86	0.34708863
0.87	0.31771678
0.79	0.38121164
0.77	0.49429795
0.84	0.32683876
0.78	0.4729472
0.82	0.37352586
0.78	0.43412018
0.81	0.39021412
0.8	0.43084392
0.86	0.3069993
0.88	0.3292881
0.82	0.39658973
0.86	0.2933074
0.78	0.3887381
0.83	0.36228114
0.79	0.43939927
0.88	0.32242614
0.88	0.2956834
0.78	0.42038864
0.76	0.42304322
0.78	0.42040405
0.82	0.4114064
0.84	0.36430505
0.8	0.40327817
0.79	0.4349641
0.78	0.40219548
0.78	0.48434126
0.8	0.4474028
0.84	0.372235
0.84	0.33653438
0.81	0.36275268
0.81	0.3779418
0.81	0.41328543
0.75	0.51019514
0.86	0.362064
0.82	0.35820112
0.9	0.3053854
0.86	0.29936856
0.75	0.54014796
0.78	0.3864075
0.76	0.4192054
0.87	0.3319413
0.72	0.5055221
0.78	0.38065934
0.84	0.3575137
0.82	0.35389054
0.8	0.42806596
0.87	0.29949197
0.82	0.36149228
0.87	0.33511388
0.78	0.4616374
0.85	0.3333193
0.85	0.32884833
0.82	0.39572853
0.84	0.37261334
0.82	0.3842466
0.74	0.46436298
0.86	0.36046207
0.8	0.42546085
0.76	0.4407988
0.83	0.37757102
0.82	0.3300047
0.81	0.36759374
0.85	0.3189359
0.84	0.35860044
0.85	0.36260104
0.82	0.35851285
0.93	0.27336296
0.76	0.3865294
0.81	0.42482054
0.76	0.42051408
0.87	0.3194557
0.82	0.3845512
0.89	0.2655063
0.86	0.3523599
0.82	0.31214473
0.85	0.36409053
0.85	0.32780853
0.83	0.3732576
0.81	0.40527657
0.77	0.48329288
0.84	0.31731004
0.87	0.31716132
0.83	0.35159305
0.83	0.3727346
0.85	0.36028892
0.86	0.34326142
0.82	0.36908782
0.88	0.3455948
0.88	0.3533737
0.75	0.5236068
0.82	0.3718506
0.86	0.3754782
0.8	0.37437558
0.8	0.37691793
0.85	0.37068173
0.78	0.40567866
0.86	0.33399364
0.72	0.44731206
0.84	0.38905814
0.89	0.3027966
0.83	0.33666924
0.88	0.30782273
0.82	0.36423475
0.93	0.29281858
0.9	0.3290095
0.85	0.39038658
0.79	0.36347312
0.83	0.34541357
0.77	0.3894047
0.81	0.43143365
0.82	0.33807933
0.76	0.43308014
0.74	0.56070876
0.78	0.42081645
0.82	0.38225383
0.82	0.41089785
0.89	0.2899797
0.82	0.36102355
0.87	0.31398684
0.82	0.37352172
0.88	0.37486824
0.81	0.3302863
0.84	0.35270703
0.84	0.36590427
0.84	0.33910686
0.89	0.2727869
0.81	0.39187896
0.86	0.31826648
0.78	0.38380995
0.81	0.43467176
0.9	0.3254505
0.83	0.36244643
0.77	0.4721445
0.85	0.31922653
0.87	0.3356776
0.81	0.33948854
0.79	0.3887275
0.81	0.38259998
0.82	0.35606503
0.84	0.33348832
0.84	0.36894885
0.82	0.40344957
0.81	0.41325542
0.88	0.3182468
0.81	0.3935917
0.81	0.4442163
0.77	0.42287734
0.83	0.4323634
0.79	0.40897045
0.81	0.3499775
0.78	0.4127457
0.83	0.43387574
0.81	0.3975929
0.81	0.41659367
0.8	0.44711423
0.86	0.29499692
0.82	0.38795665
0.84	0.34191552
0.83	0.3561106
0.78	0.41577923
0.82	0.35007685
0.87	0.3137874
0.78	0.4446986
0.78	0.4329416
0.86	0.31743112
0.83	0.35619432
0.81	0.41060555
0.81	0.40262645
0.81	0.35003087
0.81	0.3521145
0.74	0.43723106
0.79	0.44897228
0.84	0.34458172
0.79	0.44689378
0.89	0.26021063
0.83	0.37335086
0.81	0.3860975
0.81	0.36019456
0.75	0.45069832
0.77	0.4259255
0.84	0.36108047
0.79	0.3657618
0.77	0.4238537
0.83	0.32860193
0.8	0.4048892
0.79	0.431971
0.81	0.41967157
0.88	0.33930188
0.82	0.39896867
0.8	0.39834934
0.82	0.35107636
0.9	0.31037423
0.86	0.35255346
0.87	0.28722242
0.82	0.39050058
0.81	0.34716263
0.89	0.30157375
0.81	0.36384845
0.81	0.43446776
0.77	0.45152843
0.82	0.35296136
0.8	0.3695931
0.7	0.4929942
0.87	0.3532408
0.83	0.3576912
0.79	0.39866474
0.77	0.4711282
0.77	0.4121335
0.78	0.46148795
0.89	0.30441466
0.8	0.40242097
0.86	0.3345245
0.82	0.34343445
0.85	0.34980682
0.83	0.36277798
0.82	0.3992751
0.8	0.4056922
0.84	0.347896
0.81	0.4062167
0.78	0.42754975
0.85	0.34692276
0.87	0.3181304
0.7	0.47082967
0.79	0.4098697
0.76	0.45489597
0.82	0.35145327
0.82	0.40237948
0.87	0.29707742
0.82	0.4356315
0.8	0.37217477
0.79	0.4347292
0.89	0.28379285
0.81	0.4327399
0.8	0.46138954
0.76	0.47816858
0.83	0.36876148
0.86	0.3644067
0.86	0.3214759
0.82	0.3987188
0.8	0.35177243
0.77	0.43723965
0.79	0.4100951
0.81	0.430431
0.82	0.40748578
0.87	0.3259867
0.74	0.44532853
0.88	0.327022
0.75	0.46266815
0.8	0.4255554
0.81	0.35031137
0.79	0.43562067
0.75	0.43187186
0.9	0.27597103
0.78	0.42915797
0.82	0.3677905
0.8	0.42669287
0.77	0.4307996
0.87	0.33456677
0.85	0.35515022
0.8	0.3788554
0.83	0.40275604
0.88	0.32368508
0.85	0.3359341
0.78	0.44267327
0.89	0.26328
0.77	0.48933592
0.84	0.35559177
0.81	0.3633748
0.83	0.3702394
0.76	0.43410283
0.86	0.32649767
0.81	0.36893576
0.8	0.42800385
0.84	0.37268326
0.76	0.4555868
0.76	0.44144958
0.87	0.3281611
0.81	0.39633682
0.82	0.37981084
0.78	0.4129929
0.75	0.42769906
0.74	0.5294527
0.84	0.34792465
0.79	0.40589005
0.84	0.34081918
0.86	0.29930097
0.82	0.3561055
0.88	0.31460735
0.79	0.40566337
0.85	0.33792895
0.84	0.37896785
0.86	0.34550354
0.8	0.39713767
0.86	0.34844768
0.92	0.25680286
0.83	0.3388808
0.84	0.36588
0.83	0.37821618
0.85	0.3476952
0.89	0.3182332
0.74	0.5166638
0.85	0.37538192
0.78	0.39515537
0.83	0.37761924
0.85	0.31798142
0.88	0.2957549
0.91	0.3096588
0.81	0.40382695
0.81	0.37831822
0.89	0.34284616
0.83	0.3840842
0.86	0.33360484
0.78	0.40226075
0.79	0.3850732
0.84	0.3264043
0.81	0.39910954
0.83	0.38191867
0.81	0.4220337
0.81	0.38124767
0.84	0.34847078
0.82	0.3675357
0.79	0.41028786
0.83	0.38752544
0.81	0.3762861
0.84	0.33518618
0.8	0.3778633
0.83	0.43621188
0.74	0.4703975
0.79	0.3948411
0.87	0.38185224
0.83	0.32602403
0.83	0.3893877
0.84	0.3538612
0.79	0.39896107
0.83	0.38603878
0.79	0.42935246
0.9	0.33102208
0.81	0.39057922
0.81	0.39776602
0.86	0.3192639
0.83	0.3637443
0.78	0.451181
0.78	0.42024124
0.72	0.43603402
0.77	0.45288697
0.79	0.40788773
0.84	0.36094964
0.81	0.36900347
0.83	0.32609776
0.76	0.43785924
0.85	0.3247168
0.8	0.4048398
0.89	0.30740502
0.85	0.34300908
0.84	0.32762623
0.81	0.38431123
0.82	0.40484637
0.84	0.34083492
0.81	0.40560493
0.77	0.3993743
0.81	0.368736
0.85	0.37353683
0.86	0.297948
0.79	0.39739445
0.84	0.37484437
0.82	0.38550106
0.81	0.41169834
0.79	0.40972787
0.82	0.39125305
0.8	0.4126147
0.84	0.36943495
0.78	0.44019586
0.83	0.37325546
0.79	0.38890252
0.78	0.42653048
0.79	0.40089795
0.78	0.45246714
0.84	0.35361755
0.83	0.35813206
0.85	0.34733593
0.88	0.3112561
0.79	0.47868553
0.88	0.25931585
0.85	0.32927147
0.82	0.3596859
0.84	0.36611083
0.83	0.3674667
0.78	0.4263386
0.75	0.48090127
0.89	0.33914426
0.75	0.489193
0.79	0.3930701
0.77	0.41992694
0.86	0.34240875
0.82	0.38026792
0.85	0.3632791
0.8	0.35710895
0.79	0.40682587
0.84	0.35467407
0.8	0.4289021
0.83	0.3205662
0.82	0.4133126
0.79	0.37575376
0.81	0.35397744
0.81	0.43114963
0.84	0.3616309
0.82	0.4355185
0.76	0.53283805
0.88	0.30244434
0.83	0.3800403
0.83	0.36320964
0.77	0.46455273
0.84	0.3606452
0.89	0.29263455
0.81	0.39815235
0.76	0.4727681
0.81	0.33864632
0.79	0.4326871
0.84	0.37023124
0.85	0.3409219
0.82	0.44224402
0.8	0.44453973
0.84	0.33409622
0.8	0.43026352
0.88	0.38949153
0.81	0.4299021
0.78	0.4661438
0.78	0.41808757
0.75	0.48818475
0.87	0.28545418
0.82	0.3751767
0.85	0.32192254
0.78	0.43243396
0.8	0.4279935
0.88	0.2706582
0.9	0.2962565
0.81	0.36093694
0.79	0.4187478
0.83	0.40647694
0.82	0.35025737
0.9	0.29199222
0.84	0.38633373
0.79	0.39676055
0.88	0.2772794
0.84	0.3341667
0.83	0.33206517
0.79	0.44528985
0.83	0.33482704
0.8	0.41847938
0.84	0.35238194
0.85	0.29625162
0.82	0.36860916
0.74	0.4583688
0.8	0.42343292
0.83	0.3983513
0.84	0.3822047
0.85	0.36031616
0.86	0.32209045
0.86	0.30655327
0.8	0.3995716
0.85	0.29764998
0.78	0.48643276
0.84	0.34079358
0.8	0.44710252
0.91	0.30243737
0.8	0.43952316
0.86	0.32815528
0.76	0.46108237
0.84	0.39148304
0.8	0.42737103
0.85	0.3629744
0.88	0.29289252
0.81	0.37810725
0.84	0.3379081
0.89	0.30933335
0.83	0.3472227
0.84	0.36054516
0.8	0.36718118
0.88	0.30852306
0.85	0.33325082
0.86	0.3067457
0.78	0.4680971
0.88	0.34958577
0.74	0.46999854
0.79	0.38962445
0.79	0.41559154
0.85	0.29583293
0.83	0.37266853
0.77	0.39526165
0.81	0.38967618
0.81	0.3692329
0.79	0.38850987
0.79	0.4127782
0.83	0.35459
0.8	0.41622543
0.79	0.46032426
0.87	0.34712696
0.86	0.28705156
0.84	0.35081178
0.84	0.4165956
0.91	0.30309653
0.8	0.3518673
0.85	0.37120408
0.87	0.3022971
0.85	0.31127968
0.88	0.29257014
0.82	0.3636991
0.78	0.46526313
0.85	0.3473451
0.82	0.4264425
0.84	0.3770922
0.74	0.50353795
0.83	0.36162388
0.81	0.3925066
0.83	0.41902232
0.8	0.46433705
0.86	0.36291876
0.83	0.37131816
0.89	0.28297475
0.75	0.4308361
0.78	0.4310181
0.78	0.42323437
0.86	0.3432547
0.83	0.3987273
0.83	0.3850094
0.87	0.3131666
0.84	0.39301872
0.82	0.37521285
0.77	0.44074768
0.78	0.39411843
0.81	0.37616277
0.82	0.39911172
0.82	0.3533079
0.87	0.29482707
0.83	0.43576553
0.85	0.32433185
0.84	0.39496404
0.84	0.35730612
0.79	0.4039513
0.87	0.3211058
0.83	0.37200868
0.86	0.35254592
0.88	0.3345094
0.85	0.34143934
0.81	0.34155846
0.82	0.37768376
0.86	0.3384056
0.82	0.4022349
0.82	0.34658545
0.76	0.4252731
0.81	0.3758954
0.84	0.37091365
0.85	0.35317338
0.84	0.4063541
0.83	0.36611956
0.85	0.36806253
0.82	0.36868218
0.82	0.3805868
0.78	0.37170094
0.82	0.39626136
0.79	0.36657307
0.84	0.3273196
0.82	0.38860413
0.85	0.35015705
0.85	0.3779447
0.79	0.4124847
0.83	0.35312897
0.88	0.30640998
0.84	0.3364667
0.82	0.35881913
0.89	0.3418439
0.85	0.37668496
0.83	0.39181778
0.81	0.4077873
0.86	0.33727998
0.77	0.4267589
0.84	0.3673824
0.77	0.4665204
0.85	0.3165971
0.77	0.45844516
0.81	0.4361835
0.82	0.40955937
0.79	0.38930577
0.87	0.31937942
0.9	0.28617144
0.77	0.43269673
0.83	0.36184648
0.75	0.3987837
0.83	0.34328637
0.88	0.28778815
0.87	0.31385922
0.78	0.51235193
0.76	0.41592562
0.83	0.34281674
0.81	0.3767034
0.85	0.33254537
0.8	0.40393502
0.84	0.3837156
0.84	0.32540026
0.84	0.31670403
0.81	0.44339424
0.82	0.3653199
0.82	0.40665597
0.79	0.4399161
0.72	0.4437164
0.75	0.45031238
0.78	0.44508746
0.8	0.3919149
0.82	0.46694142
0.87	0.36024478
0.87	0.30027497
0.84	0.38106278
0.75	0.43081874
0.72	0.5090701
0.81	0.39820015
0.78	0.4367023
0.77	0.4086445
0.79	0.41235048
0.77	0.41639808
0.89	0.33178708
0.85	0.35822374
0.95	0.23444319
0.86	0.33512023
0.85	0.32163343
0.85	0.36552852
0.84	0.31859872
0.8	0.43482098
0.82	0.3742631
0.81	0.39370105
0.85	0.2703684
0.82	0.41459808
0.84	0.37442687
0.86	0.30805013
0.81	0.43175477
0.8	0.39001483
0.87	0.31649622
0.76	0.42333794
0.81	0.42583054
0.8	0.41142124
0.84	0.4220807
0.83	0.44050753
0.82	0.38254833
0.84	0.32360986
0.83	0.34909457
0.82	0.36419964
0.84	0.3508853
0.79	0.39763972
0.88	0.29151544
0.81	0.36430845
0.85	0.39999065
0.86	0.39287376
0.83	0.38482797
0.83	0.35623792
0.86	0.33617365
0.78	0.36714673
0.82	0.36437815
0.87	0.33076912
0.88	0.32447103
0.76	0.45685655
0.86	0.3484236
0.81	0.37148896
0.88	0.33688495
0.81	0.39266318
0.78	0.4530544
0.84	0.31572708
0.73	0.48498833
0.75	0.47818375
0.83	0.3272652
0.84	0.3679963
0.79	0.40478474
0.91	0.30539212
0.79	0.45140147
0.83	0.3362518
0.85	0.36171436
0.81	0.42957848
0.78	0.40726817
0.81	0.4716673
0.79	0.3942415
0.86	0.34180912
0.77	0.4145636
0.83	0.4158287
0.84	0.32117772
0.83	0.41361377
0.84	0.3054539
0.81	0.3562857
0.82	0.39465934
0.83	0.39755607
0.81	0.37158787
0.9	0.26804015
0.77	0.43933183
0.77	0.49765393
0.79	0.3980826
0.76	0.39498332
0.79	0.41019845
0.78	0.36306354
0.83	0.38519982
0.81	0.35417166
0.75	0.47619203
0.85	0.3579425
0.87	0.37470192
0.83	0.37895012
0.84	0.35013688
0.79	0.43558037
0.82	0.3849215
0.83	0.3015984
0.87	0.29434302
0.77	0.45970744
0.79	0.3965269
0.83	0.40231836
0.86	0.33373314
0.8	0.44203565
0.89	0.27997285
0.87	0.29319537
0.77	0.38393307
0.89	0.2777438
0.81	0.43046105
0.85	0.35379106
0.81	0.39045677
0.86	0.35391226
0.82	0.3614924
0.84	0.33208793
0.87	0.34364277
0.81	0.3337431
0.83	0.33186764
0.8	0.46346176
0.78	0.43570164
0.9	0.31721103
0.86	0.33664444
0.84	0.31147692
0.74	0.4132057
0.78	0.44203204
0.84	0.34863487
0.79	0.3781639
0.82	0.39321026
0.83	0.47363532
0.76	0.43232507
0.83	0.35261372
0.78	0.4348981
0.83	0.321221
0.87	0.29390064
0.82	0.35385293
0.81	0.35459533
0.8	0.35588443
0.76	0.44106102
0.82	0.3344475
0.8	0.40810397
0.87	0.31914893
0.91	0.29569402
0.85	0.36798918
0.8	0.38617268
0.88	0.30387318
0.81	0.42482945
0.88	0.26551878
0.83	0.42277777
0.84	0.33378184
0.82	0.37886107
0.84	0.34514567
0.83	0.3974276
0.82	0.36596856
0.82	0.3894775
0.84	0.33560577
0.79	0.408471
0.78	0.4306025
0.77	0.5311301
0.82	0.32390985
0.8	0.39162743
0.87	0.35279942
0.84	0.3750135
0.85	0.3534857
0.79	0.38785896
0.8	0.40769902
0.84	0.38399464
0.81	0.37931457
0.79	0.43154943
0.82	0.38156784
0.85	0.29992807
0.88	0.29318017
0.84	0.3067299
0.82	0.35975254
0.79	0.383875
0.82	0.39719182
0.84	0.3157708
0.86	0.28463116
0.89	0.32222885
0.82	0.35799828
0.89	0.30862013
0.86	0.31845042
0.79	0.3698755
0.8	0.40639696
0.82	0.393207
0.8	0.41775703
0.83	0.36519325
0.92	0.32263345
0.84	0.37796634
0.82	0.40214935
0.8	0.43845162
0.82	0.42708573
0.82	0.37373737
0.83	0.33614638
0.74	0.45330846
0.81	0.4042556
0.84	0.35553235
0.78	0.42363197
0.82	0.36412728
0.85	0.32462096
0.81	0.354464
0.79	0.41397312
0.88	0.27317846
0.84	0.34289646
0.87	0.31232607
0.8	0.4079161
0.83	0.36810872
0.8	0.40662056
0.85	0.36654294
0.92	0.27349097
0.84	0.3640544
0.85	0.39261603
0.76	0.4348526
0.87	0.28651297
0.85	0.3559114
0.89	0.294283
0.79	0.37557524
0.86	0.3025817
0.81	0.3600665
0.79	0.45932454
0.82	0.34951934
0.82	0.4017154
0.82	0.34668607
0.85	0.34937927
0.85	0.37644655
0.77	0.40061036
0.8	0.37848258
0.73	0.5054033
0.83	0.3695269
0.75	0.4369493
0.87	0.3561145
0.79	0.41851673
0.88	0.3185841
0.81	0.3678965
0.8	0.3927103
0.84	0.35336185
0.86	0.29826847
0.87	0.37409505
0.77	0.43722314
0.8	0.41286987
0.84	0.36853123
0.82	0.37488648
0.81	0.41572082
0.9	0.30835593
0.86	0.39832714
0.82	0.36816436
0.81	0.35882518
0.8	0.33800524
0.84	0.34846643
0.8	0.3739077
0.83	0.34844178
0.83	0.33911693
0.83	0.3600194
0.82	0.35753936
0.81	0.3538231
0.87	0.32896087
0.82	0.35836694
0.83	0.3785291
0.86	0.34238967
0.82	0.34813076
0.83	0.39102107
0.84	0.37285596
0.8	0.41274643
0.83	0.41318607
0.86	0.30044624
0.8	0.41022214
0.8	0.3441211
0.78	0.3852004
0.79	0.3994274
0.87	0.34873024
0.81	0.42687762
0.76	0.37954265
0.8	0.39221302
0.81	0.37974858
0.86	0.35085946
0.83	0.3456755
0.81	0.396741
0.74	0.46056393
0.84	0.3799507
0.74	0.45736286
0.81	0.34783924
0.85	0.29705673
0.78	0.43512034
0.86	0.34287804
0.83	0.37964305
0.91	0.2555323
0.85	0.35060418
0.81	0.3963807
0.82	0.38052568
0.83	0.35074046
0.84	0.31346568
0.84	0.37432304
0.9	0.2672525
0.81	0.39045605
0.73	0.43312976
0.84	0.3114264
0.79	0.40629375
0.85	0.33344954
0.84	0.33661145
0.86	0.2870326
0.88	0.28891173
0.81	0.36843643
0.81	0.35005158
0.82	0.3895423
0.89	0.29024827
0.89	0.30858362
0.81	0.40522298
0.75	0.44352666
0.75	0.51045465
0.87	0.3079685
0.84	0.32941094
0.85	0.35738587
0.89	0.2899408
0.79	0.4228714
0.79	0.40648592
0.8	0.41084075
0.85	0.32119343
0.88	0.30203044
0.85	0.3139539
0.83	0.28670552
0.83	0.33372185
0.88	0.32518214
0.81	0.40775254
0.86	0.32532156
0.85	0.34891483
0.79	0.42898944
0.83	0.331625
0.78	0.42458576
0.81	0.40209138
0.85	0.36658353
0.87	0.35992822
0.79	0.4118392
0.88	0.27900848
0.89	0.3153342
0.81	0.3707188
0.8	0.44445533
0.82	0.3767585
0.86	0.30340517
0.78	0.43925405
0.79	0.44187206
0.78	0.3884693
0.82	0.3992556
0.87	0.3678868
0.78	0.4223488
0.86	0.35250995
0.84	0.35542512
0.85	0.39034587
0.84	0.31557366
0.84	0.38132083
0.8	0.35628292
0.86	0.3514022
0.8	0.39207706
0.9	0.24967712
0.81	0.39422894
0.89	0.3204456
0.81	0.38652852
0.84	0.33143666
0.84	0.31768897
0.82	0.38370243
0.83	0.30708826
0.86	0.40850547
0.8	0.34242702
0.87	0.32537216
0.88	0.3098273
0.83	0.3269749
0.79	0.46369213
0.79	0.47938976
0.92	0.23683317
0.85	0.38020757
0.81	0.35235816
0.79	0.41200653
0.91	0.25643122
0.8	0.37506583
0.82	0.37757358
0.82	0.32823628
0.83	0.342064
0.8	0.3691485
0.91	0.26897985
0.89	0.258303
0.88	0.27589333
0.83	0.39979324
0.87	0.28907308
0.84	0.3452236
0.79	0.41136223
0.89	0.29052413
0.9	0.2537401
0.78	0.3646992
0.75	0.4854161
0.79	0.35543296
0.82	0.35514027
0.81	0.34028703
0.83	0.34100515
0.79	0.42311803
0.83	0.33153957
0.86	0.3190047
0.82	0.3950488
0.81	0.38553905
0.82	0.36531058
0.8	0.40060407
0.87	0.3545194
0.78	0.43721092
0.76	0.4360736
0.79	0.4480402
0.84	0.39548624
0.86	0.31961966
0.85	0.38744345
0.75	0.49487334
0.86	0.35625362
0.87	0.28203738
0.85	0.3977691
0.82	0.3676425
0.79	0.40010247
0.82	0.34095216
0.9	0.26901302
0.84	0.34121403
0.82	0.39767498
0.87	0.31715164
0.72	0.49432078
0.87	0.32890794
0.83	0.3433383
0.78	0.45077172
0.84	0.33011454
0.84	0.4144293
0.86	0.3431505
0.83	0.37043267
0.86	0.32366943
0.83	0.36174473
0.84	0.3349951
0.89	0.31352958
0.75	0.52627105
0.8	0.3617637
0.88	0.3296169
0.83	0.36077464
0.78	0.36938336
0.79	0.41336438
0.81	0.39129186
0.85	0.34366235
0.8	0.40253818
0.84	0.35440183
0.88	0.26263174
0.9	0.3191138
0.86	0.30934787
0.85	0.39057824
0.86	0.2799581
0.88	0.30082494
0.78	0.42135528
0.83	0.33246404
0.82	0.36013287
0.79	0.43186694
0.82	0.33249328
0.84	0.36981446
0.83	0.44466892
0.77	0.4297285
0.86	0.33298942
0.75	0.5031156
0.82	0.38662463
0.83	0.39027095
0.83	0.35919708
0.84	0.34524414
0.88	0.29066932
0.81	0.3952255
0.8	0.40062594
0.84	0.35279316
0.88	0.30397454
0.87	0.31396237
0.86	0.3458366
0.88	0.31986585
0.77	0.45996308
0.78	0.4523853
0.85	0.32598746
0.87	0.31532153
0.85	0.3212998
0.86	0.29960454
0.8	0.38187617
0.78	0.3951423
0.83	0.39043036
0.77	0.45521712
0.83	0.3695767
0.83	0.41627648
0.83	0.35637274
0.81	0.43268773
0.78	0.45557258
0.79	0.3985859
0.8	0.4101415
0.89	0.32729936
0.8	0.38142884
0.86	0.34471557
0.84	0.37087834
0.8	0.36897647
0.91	0.25620472
0.84	0.3390081
0.78	0.42525083
0.88	0.27873528
0.8	0.3642127
0.85	0.32056743
0.82	0.32641754
0.79	0.42591983
0.81	0.35325974
0.83	0.32176346
0.88	0.3435914
0.78	0.41672745
0.79	0.44905666
0.84	0.36374825
0.77	0.3967353
0.85	0.33266738
0.84	0.34727985
0.86	0.30376744
0.83	0.35341454
0.85	0.30096352
0.81	0.3481579
0.78	0.4047331
0.83	0.32681873
0.83	0.34514436
0.88	0.28692356
0.84	0.34238148
0.92	0.24739257
0.86	0.2628151
0.86	0.28751424
0.88	0.2595226
0.79	0.4569059
0.85	0.3634438
0.9	0.27521598
0.82	0.38432574
0.83	0.3529383
0.81	0.37448928
0.79	0.4072113
0.86	0.36507317
0.84	0.3850517
0.86	0.33913493
0.82	0.39552385
0.82	0.40603635
0.81	0.34138516
0.81	0.3666564
0.85	0.33800924
0.88	0.2898091
0.88	0.34760845
0.87	0.29561782
0.8	0.39771068
0.75	0.47967207
0.83	0.2994296
0.82	0.33880755
0.84	0.29997548
0.71	0.47717068
0.89	0.29889968
0.82	0.3907438
0.88	0.3403833
0.79	0.4042503
0.85	0.3126808
0.9	0.31861886
0.85	0.3340248
0.86	0.28834966
0.84	0.29789472
0.91	0.2559747
0.84	0.3456049
0.85	0.30139238
0.76	0.42282325
0.88	0.34646663
0.83	0.36570522
0.82	0.34537837
0.82	0.3835334
0.83	0.3871233
0.85	0.32148126
0.89	0.26923874
0.86	0.31910855
0.81	0.3204378
0.78	0.3688946
0.77	0.4614948
0.79	0.433488
0.82	0.39159977
0.82	0.38695118
0.81	0.34564698
0.83	0.35839126
0.89	0.32755417
0.82	0.3821502
0.75	0.43686754
0.8	0.3845441
0.86	0.31922466
0.85	0.33669722
0.8	0.3838547
0.75	0.51625675
0.82	0.38858777
0.85	0.31985348
0.8	0.41825742
0.83	0.3733472
0.77	0.4485228
0.82	0.3695474
0.81	0.33348736
0.82	0.36999482
0.86	0.30147445
0.76	0.42316043
0.84	0.36980176
0.87	0.28054133
0.87	0.25995585
0.82	0.34092563
0.84	0.39723793
0.81	0.35030717
0.85	0.37573388
0.81	0.35387474
0.82	0.3873523
0.87	0.34822404
0.8	0.4331224
0.78	0.37395468
0.83	0.39389217
0.85	0.34063998
0.84	0.3823722
0.83	0.37511575
0.78	0.4641609
0.89	0.2865852
0.81	0.41740653
0.8	0.36893916
0.82	0.36894345
0.82	0.38775197
0.82	0.3615998
0.83	0.36036915
0.84	0.3338059
0.81	0.45298716
0.86	0.34338307
0.78	0.35484695
0.83	0.3296061
0.88	0.32887337
0.84	0.3481445
0.89	0.28978652
0.83	0.315146
0.88	0.27463555
0.84	0.328719
0.84	0.36550075
0.86	0.3392014
0.8	0.38156715
0.89	0.3238203
0.86	0.36673883
0.84	0.35445622
0.9	0.28813696
0.85	0.34066013
0.84	0.3182031
0.85	0.3505355
0.78	0.39347795
0.87	0.3064336
0.86	0.3505022
0.82	0.36932918
0.8	0.40847406
0.8	0.37105817
0.83	0.30129012
0.8	0.35431594
0.83	0.3990465
0.8	0.3607364
0.83	0.3926918
0.76	0.4590545
0.85	0.3039566
0.82	0.38565633
0.84	0.33621398
0.84	0.36529756
0.91	0.2726577
0.85	0.37275448
0.86	0.33955303
0.84	0.32296634
0.79	0.3759324
0.79	0.38813382
0.76	0.43607536
0.83	0.38023734
0.77	0.5455724
0.87	0.296032
0.86	0.3216531
0.85	0.33655027
0.88	0.301527
0.88	0.27135748
0.87	0.374726
0.79	0.40346068
0.81	0.37586135
0.78	0.4729572
0.82	0.4745323
0.89	0.28697118
0.76	0.4838935
0.88	0.31673226
0.85	0.27966383
0.79	0.38166314
0.87	0.32711452
0.84	0.33734453
0.83	0.3691344
0.9	0.2847488
0.81	0.40671924
0.75	0.45451844
0.82	0.40056777
0.82	0.3886213
0.84	0.3250426
0.81	0.3860651
0.86	0.28372198
0.86	0.38323745
0.84	0.4226536
0.78	0.37220693
0.84	0.33788657
0.79	0.34660637
0.88	0.2759778
0.81	0.34291774
0.86	0.2998716
0.85	0.31762388
0.88	0.29025716
0.8	0.40823677
0.85	0.37221923
0.88	0.3017415
0.86	0.3253794
0.86	0.31270993
0.87	0.30294845
0.84	0.28795645
0.85	0.4066018
0.83	0.30755228
0.85	0.32223153
0.85	0.35595033
0.85	0.3149041
0.82	0.37565
0.86	0.32842815
0.81	0.42933217
0.8	0.36296767
0.85	0.3830058
0.76	0.54268765
0.85	0.31653115
0.81	0.2978679
0.85	0.26223692
0.82	0.3664886
0.8	0.38478452
0.84	0.34380352
0.82	0.38749972
0.84	0.40322578
0.81	0.37458473
0.87	0.33193025
0.84	0.38329542
0.9	0.26833946
0.88	0.34753382
0.9	0.3244137
0.8	0.36461335
0.81	0.4184566
0.85	0.3786968
0.79	0.4433035
0.86	0.2957576
0.88	0.3162934
0.84	0.35570255
0.83	0.3698683
0.84	0.36485213
0.91	0.25261447
0.86	0.33966845
0.83	0.39380825
0.85	0.37735382
0.8	0.46583092
0.89	0.25440165
0.88	0.265082
0.85	0.3345383
0.76	0.40199372
0.82	0.35757828
0.79	0.4043561
0.85	0.32369345
0.85	0.36897567
0.84	0.30131382
0.88	0.2634117
0.84	0.3224897
0.87	0.34273538
0.87	0.337826
0.82	0.46544716
0.86	0.33632153
0.85	0.37009034
0.85	0.39545628
0.83	0.38018444
0.87	0.3367746
0.83	0.33817226
0.85	0.28733706
0.87	0.2862477
0.86	0.31420824
0.85	0.29297757
0.89	0.29338562
0.8	0.4398621
0.84	0.3462697
0.85	0.3602983
0.77	0.38732734
0.84	0.3943318
0.79	0.38746685
0.89	0.26458392
0.84	0.32665592
0.82	0.35255036
0.77	0.3904016
0.86	0.3482244
0.87	0.29610708
0.77	0.42763174
0.75	0.5462553
0.86	0.2903368
0.82	0.31596026
0.8	0.39444977
0.83	0.41837478
0.87	0.30399266
0.87	0.31473282
0.81	0.3814812
0.84	0.38009322
0.86	0.38079834
0.89	0.28028908
0.8	0.3928717
0.81	0.37319794
0.82	0.38684726
0.88	0.3064363
0.83	0.39135066
0.84	0.32743403
0.86	0.31666753
0.83	0.34754655
0.87	0.2924833
0.78	0.37830213
0.76	0.46141678
0.85	0.38379174
0.81	0.46356523
0.83	0.32177648
0.81	0.41095638
0.84	0.32028806
0.84	0.36002734
0.78	0.3578545
0.84	0.3920616
0.84	0.3284435
0.84	0.36565894
0.87	0.30308113
0.82	0.39806515
0.85	0.34080255
0.8	0.4089455
0.84	0.31449386
0.82	0.38294932
0.87	0.27873066
0.79	0.34944367
0.88	0.28553164
0.77	0.4263935
0.87	0.3064443
0.8	0.4021249
0.83	0.32780555
0.85	0.3419612
0.84	0.38339126
0.83	0.38400722
0.74	0.42794594
0.81	0.3704503
0.88	0.2878971
0.8	0.37491393
0.82	0.38408303
0.86	0.33129025
0.81	0.37606186
0.84	0.30837438
0.86	0.32292992
0.82	0.41763365
0.76	0.43785843
0.9	0.30287534
0.85	0.31765887
0.91	0.29930273
0.85	0.3364656
0.79	0.38877088
0.81	0.39037982
0.88	0.3229752
0.86	0.29765484
0.86	0.30290076
0.88	0.30819148
0.86	0.319097
0.79	0.4290423
0.84	0.318231
0.84	0.33948067
0.86	0.37030134
0.88	0.32711312
0.83	0.3169947
0.87	0.2875892
0.83	0.37719426
0.81	0.34153163
0.74	0.4826093
0.85	0.3821385
0.81	0.38027558
0.8	0.40477383
0.8	0.38948196
0.87	0.28025448
0.84	0.32142434
0.85	0.37766284
0.8	0.38825944
0.88	0.28341258
0.81	0.37167826
0.85	0.34871063
0.85	0.34403744
0.85	0.4056593
0.89	0.30003062
0.86	0.31034967
0.88	0.32927555
0.82	0.39273906
0.87	0.30890986
0.81	0.3651547
0.79	0.42946103
0.9	0.26546505
0.84	0.34954903
0.79	0.39168715
0.82	0.39080375
0.8	0.3991745
0.9	0.29343903
0.81	0.38279733
0.81	0.42941138
0.83	0.39146358
0.83	0.43648002
0.89	0.28598484
0.77	0.4187636
0.92	0.29933062
0.86	0.3392221
0.82	0.3547435
0.83	0.32460338
0.76	0.47450152
0.77	0.44632512
0.81	0.37389416
0.84	0.35593894
0.82	0.35156512
0.83	0.35035267
0.86	0.29676464
0.88	0.31043136
0.88	0.2798619
0.83	0.38114774
0.79	0.37092245
0.89	0.30560356
0.82	0.33782697
0.84	0.30688596
0.81	0.4325691
0.88	0.27814254
0.79	0.39124078
0.86	0.36145222
0.86	0.32893035
0.83	0.38245693
0.83	0.35916752
0.84	0.35702866
0.84	0.32153705
0.81	0.35602635
0.87	0.295338
0.87	0.28024283
0.79	0.46734264
0.82	0.3744008
0.85	0.34883404
0.85	0.37471658
0.88	0.29220012
0.83	0.3352485
0.85	0.28222153
0.88	0.31515574
0.83	0.3788612
0.82	0.35739112
0.85	0.3011603
0.81	0.42376712
0.88	0.26650265
0.83	0.37550285
0.81	0.35148787
0.81	0.36442316
0.88	0.3176776
0.86	0.29837456
0.83	0.3926343
0.82	0.324151
0.84	0.40089905
0.79	0.46669975
0.83	0.35180587
0.81	0.36464503
0.86	0.34364069
0.8	0.37618443
0.82	0.30018613
0.84	0.33222514
0.81	0.3399673
0.82	0.36535177
0.79	0.43031156
0.84	0.31603757
0.79	0.42757037
0.79	0.43512976
0.8	0.42817116
0.87	0.32820702
0.84	0.3823384
0.74	0.44557858
0.77	0.41513607
0.76	0.40866497
0.78	0.42263538
0.75	0.47246724
0.84	0.29694152
0.78	0.47603536
0.83	0.35719976
0.84	0.41388714
0.82	0.36548534
0.88	0.32540882
0.82	0.4101854
0.87	0.34516257
0.87	0.31745863
0.82	0.38567635
0.85	0.36602557
0.87	0.27605215
0.85	0.3443372
0.83	0.38087288
0.83	0.36153817
0.8	0.3459561
0.81	0.381688
0.81	0.33103538
0.85	0.34744796
0.9	0.26209268
0.91	0.24898697
0.82	0.37946787
0.84	0.35966834
0.85	0.3070245
0.78	0.39355308
0.88	0.30508965
0.83	0.34243953
0.8	0.38145015
0.85	0.3320591
0.83	0.3882533
0.86	0.33893204
0.79	0.4007799
0.81	0.38820454
0.87	0.3872554
0.83	0.3181065
0.79	0.4581153
0.86	0.3281344
0.83	0.3097822
0.72	0.47746003
0.7	0.5140868
0.87	0.33037516
0.82	0.36230132
0.85	0.34883523
0.87	0.27759433
0.82	0.32380876
0.86	0.31705478
0.83	0.3826789
0.86	0.323869
0.83	0.31819925
0.83	0.38132685
0.84	0.28305545
0.85	0.33663258
0.81	0.38149276
0.86	0.37149394
0.83	0.32747
0.76	0.43272457
0.87	0.32112083
0.91	0.25784823
0.83	0.35470292
0.9	0.24202828
0.73	0.44972885
0.85	0.38098565
0.85	0.2946818
0.85	0.35446683
0.85	0.32207325
0.77	0.46682063
0.85	0.34950688
0.78	0.4264757
0.82	0.31577796
0.86	0.29487982
0.83	0.38894376
0.87	0.2784546
0.85	0.3250098
0.87	0.29050142
0.85	0.333946
0.84	0.37219605
0.88	0.30256528
0.86	0.33017883
0.87	0.30299133
0.86	0.3192235
0.88	0.2853306
0.81	0.372245
0.83	0.3378424
0.81	0.41383034
0.86	0.39003518
0.8	0.37580597
0.85	0.31194028
0.78	0.41784078
0.84	0.3143531
0.8	0.4696496
0.8	0.403366
0.82	0.4204364
0.84	0.32094872
0.87	0.31037614
0.79	0.40616283
0.87	0.3002129
0.86	0.35571957
0.87	0.3364536
0.85	0.31427392
0.92	0.20903452
0.76	0.40150696
0.88	0.34276566
0.81	0.38268635
0.89	0.2926955
0.85	0.32713103
0.87	0.2773745
0.84	0.36758435
0.81	0.42709655
0.8	0.4354538
0.83	0.3960411
0.87	0.2941316
0.84	0.36189634
0.85	0.33209187
0.89	0.2765642
0.81	0.36897868
0.85	0.38468978
0.84	0.35779202
0.89	0.27592924
0.8	0.33209148
0.8	0.38314345
0.81	0.38496947
0.82	0.3546049
0.85	0.34538573
0.86	0.30285442
0.87	0.3076092
0.87	0.30564228
0.8	0.4043572
0.86	0.3286888
0.89	0.28474826
0.85	0.36425072
0.78	0.43201646
0.88	0.3118979
0.77	0.38911045
0.81	0.4608701
0.8	0.38990438
0.83	0.3861021
0.84	0.35589582
0.9	0.20698382
0.86	0.2906428
0.91	0.24507238
0.87	0.28059438
0.78	0.36457998
0.85	0.37235692
0.79	0.40952045
0.8	0.44468907
0.85	0.31919196
0.86	0.28640398
0.82	0.35325348
0.82	0.3883107
0.86	0.36783856
0.87	0.32242525
0.83	0.34777382
0.86	0.29295194
0.85	0.3091666
0.8	0.37002212
0.88	0.33479008
0.8	0.36962098
0.82	0.3507174
0.88	0.28912044
0.86	0.29355747
0.78	0.4386439
0.85	0.29016134
0.83	0.36721966
0.82	0.4028035
0.84	0.2959595
0.77	0.4856747
0.89	0.2852259
0.78	0.42421576
0.77	0.43406636
0.81	0.385033
0.86	0.3261026
0.84	0.3536845
0.81	0.3313883
0.83	0.33907712
0.88	0.284621
0.79	0.43505383
0.83	0.33625463
0.87	0.3286025
0.87	0.3003906
0.82	0.36788404
0.85	0.37541306
0.82	0.37296394
0.89	0.28227392
0.84	0.3615271
0.84	0.31373188
0.83	0.34886146
0.89	0.2371232
0.87	0.30444974
0.91	0.27665636
0.77	0.45805395
0.84	0.3332533
0.82	0.4353532
0.87	0.29241717
0.9	0.2741557
0.82	0.40681335
0.83	0.34118977
0.82	0.34734195
0.86	0.35200015
0.87	0.26642388
0.77	0.44045812
0.86	0.2863832
0.82	0.38424838
0.9	0.27237523
0.84	0.32806396
0.83	0.30963343
0.85	0.35067192
0.84	0.31695187
0.78	0.37630627
0.89	0.2951046
0.84	0.31373653
0.92	0.27071136
0.87	0.35407668
0.81	0.3775364
0.82	0.39103112
0.79	0.3562775
0.89	0.30791065
0.88	0.24151857
0.84	0.35816896
0.8	0.38329822
0.78	0.3468528
0.85	0.33211285
0.87	0.2665063
0.8	0.41624188
0.81	0.386405
0.9	0.26589662
0.79	0.41700855
0.83	0.32299176
0.86	0.3147802
0.83	0.36132333
0.85	0.32788798
0.79	0.4002449
0.82	0.36816993
0.87	0.2991467
0.77	0.45420828
0.86	0.35414645
0.85	0.31572095
0.81	0.37167957
0.81	0.35362723
0.82	0.35765308
0.77	0.38757962
0.92	0.27212018
0.85	0.36478114
0.89	0.29459918
0.91	0.2935696
0.84	0.34203285
0.87	0.31102476
0.85	0.3244129
0.86	0.29659012
0.8	0.42394614
0.9	0.28846297
0.9	0.24081399
0.81	0.40699205
0.84	0.33805808
0.85	0.32337302
0.85	0.33013362
0.83	0.37268963
0.82	0.33290508
0.82	0.34524685
0.86	0.2922898
0.83	0.40283582
0.88	0.34146026
0.8	0.3504126
0.85	0.3462546
0.84	0.34529835
0.89	0.29563245
0.77	0.41202113
0.83	0.34403813
0.85	0.2803095
0.85	0.33560714
0.83	0.33026874
0.85	0.3099931
0.83	0.3905871
0.84	0.38418052
0.84	0.35849983
0.84	0.32972842
0.81	0.3993613
0.79	0.39864022
0.89	0.24502653
0.86	0.34957722
0.89	0.3120977
0.83	0.35932472
0.83	0.36422563
0.85	0.27286226
0.83	0.34121525
0.79	0.42931974
0.84	0.3098168
0.82	0.3909333
0.85	0.34668338
0.81	0.3703292
0.84	0.36326313
0.76	0.42160374
0.81	0.40386102
0.82	0.3717003
0.86	0.31248432
0.74	0.4323106
0.8	0.3785504
0.87	0.3166948
0.85	0.31568614
0.81	0.34428856
0.86	0.3753189
0.84	0.35591403
0.87	0.2866009
0.82	0.40250468
0.85	0.3389309
0.87	0.3069651
0.86	0.33440906
0.84	0.34131265
0.87	0.35009032
0.8	0.42453524
0.88	0.27893937
0.79	0.437018
0.83	0.34102505
0.84	0.3446618
0.78	0.42342228
0.86	0.37200996
0.82	0.37755212
0.84	0.2966515
0.85	0.36847413
0.88	0.30779943
0.87	0.34079146
0.82	0.42716026
0.82	0.37992656
0.87	0.26423037
0.85	0.32525814
0.85	0.3477899
0.86	0.33567247
0.79	0.41980577
0.84	0.35537204
0.87	0.26591507
0.86	0.34097442
0.78	0.43140733
0.81	0.33612555
0.83	0.3635836
0.8	0.40144458
0.93	0.22586055
0.81	0.35168657
0.91	0.30546257
0.8	0.4213745
0.81	0.40102568
0.86	0.29336414
0.8	0.47588074
0.83	0.37219676
0.85	0.30718663
0.86	0.3235292
0.88	0.2764905
0.83	0.37571484
0.83	0.32201326
0.79	0.39580613
0.84	0.3670221
0.82	0.40302452
0.82	0.31099424
0.86	0.27090743
0.82	0.3562547
0.86	0.31750146
0.88	0.30675966
0.83	0.35337773
0.87	0.29081848
0.84	0.30813035
0.87	0.30818906
0.87	0.30048797
0.83	0.29023924
0.85	0.37676597
0.84	0.34292766
0.76	0.54169255
0.87	0.3009352
0.84	0.33904433
0.83	0.34812978
0.8	0.372855
0.89	0.3044636
0.82	0.3446469
0.81	0.37059388
0.87	0.3378924
0.85	0.38641036
0.88	0.2763774
0.91	0.28964034
0.82	0.35097253
0.84	0.32022664
0.9	0.31526476
0.84	0.36312705
0.9	0.27405488
0.84	0.33392322
0.82	0.39992905
0.83	0.3368342
0.9	0.27365816
0.82	0.37353307
0.79	0.41767955
0.86	0.41103268
0.81	0.38877723
0.89	0.27427244
0.8	0.3968586
0.91	0.2777645
0.82	0.3594837
0.86	0.31482467
0.85	0.28077304
0.86	0.30524528
0.89	0.27289033
0.76	0.4933321
0.82	0.34143853
0.83	0.3888521
0.85	0.3014066
0.88	0.25877106
0.83	0.40361655
0.85	0.3253407
0.85	0.32172352
0.75	0.36262265
0.84	0.37699315
0.86	0.28198335
0.82	0.3329528
0.81	0.3991077
0.82	0.41082504
0.84	0.3966661
0.74	0.4588112
0.89	0.28482366
0.85	0.34498942
0.87	0.29889956
0.76	0.41493344
0.85	0.34294567
0.87	0.31983402
0.81	0.33611593
0.82	0.30880943
0.79	0.399863
0.8	0.45152456
0.78	0.41185677
0.77	0.4742505
0.74	0.50396943
0.9	0.2819511
0.75	0.43761337
0.86	0.30753717
0.74	0.45318657
0.82	0.35603318
0.84	0.3376288
0.83	0.39597026
0.88	0.27728847
0.85	0.2791596
0.82	0.3859024
0.87	0.3670908
0.87	0.2759566
0.82	0.3313509
0.8	0.40590188
0.8	0.3620529
0.92	0.2925822
0.86	0.31434584
0.81	0.37434447
0.83	0.33910742
0.86	0.3163489
0.79	0.40672722
0.85	0.35425782
0.83	0.32360703
0.91	0.238182
0.86	0.39003158
0.84	0.29856497
0.84	0.37390137
0.83	0.3332753
0.87	0.35206413
0.84	0.31661853
0.88	0.3244921
0.92	0.27641347
0.89	0.3027381
0.9	0.25702655
0.87	0.30558556
0.88	0.28929958
0.79	0.44265273
0.82	0.35282603
0.77	0.403474
0.85	0.28517827
0.79	0.3885895
0.82	0.39407402
0.86	0.28942975
0.77	0.4534241
0.87	0.3181468
0.75	0.47826272
0.78	0.3988574
0.86	0.3202369
0.85	0.36365372
0.85	0.36754555
0.81	0.33038017
0.85	0.36274597
0.85	0.3407744
0.84	0.32875976
0.84	0.37378302
0.87	0.324222
0.88	0.29337546
0.85	0.2914242
0.82	0.41569304
0.79	0.4199354
0.83	0.3247213
0.84	0.33651677
0.84	0.330669
0.83	0.34566632
0.83	0.32750645
0.82	0.31848407
0.86	0.30242813
0.88	0.30411336
0.85	0.3443215
0.83	0.27890933
0.82	0.34227452
0.85	0.34197944
0.89	0.25677162
0.84	0.30645373
0.83	0.32999614
0.81	0.38977313
0.83	0.31323946
0.83	0.3288251
0.84	0.433574
0.86	0.3149755
0.84	0.3388072
0.8	0.39339334
0.85	0.28822452
0.89	0.2824558
0.89	0.31232396
0.86	0.31804
0.87	0.31075004
0.82	0.35181454
0.81	0.3743974
0.83	0.39413804
0.86	0.2893089
0.84	0.36669406
0.83	0.3787925
0.77	0.40118423
0.78	0.42496723
0.8	0.36134654
0.84	0.32055882
0.87	0.29721424
0.84	0.33995003
0.82	0.37695438
0.85	0.34233472
0.85	0.35759082
0.76	0.44513255
0.77	0.4499122
0.83	0.380293
0.85	0.3121488
0.84	0.3386122
0.83	0.3623085
0.83	0.37495562
0.84	0.293424
0.95	0.25761265
0.83	0.37438434
0.78	0.39761174
0.88	0.29540387
0.79	0.39032722
0.86	0.3129249
0.88	0.26967227
0.89	0.32488576
0.89	0.30693147
0.83	0.379606
