0.84	0.35886478
0.86	0.31379545
0.88	0.29246265
0.86	0.281704
0.86	0.32276532
0.82	0.40907916
0.9	0.28368115
0.9	0.25566307
0.85	0.32800704
0.87	0.26103684
0.87	0.2702674
0.91	0.23781182
0.87	0.29489467
0.84	0.29402313
0.86	0.2972761
0.89	0.29935193
0.9	0.22703926
0.86	0.3037533
0.78	0.40386754
0.86	0.27440557
0.87	0.25104335
0.91	0.26850304
0.86	0.3616354
0.82	0.36846948
0.88	0.25849146
0.88	0.3224149
0.87	0.3141446
0.9	0.21854484
0.87	0.26441342
0.87	0.25580335
0.85	0.31388772
0.84	0.31034747
0.88	0.38842416
0.86	0.29496312
0.8	0.37172014
0.84	0.36790946
0.88	0.29246828
0.9	0.23400472
0.87	0.32558534
0.87	0.2796268
0.91	0.24887438
0.88	0.28240636
0.9	0.30744258
0.84	0.36122012
0.89	0.2368869
0.91	0.22113658
0.87	0.2742086
0.9	0.2539379
0.84	0.3017523
0.86	0.30507043
0.86	0.3051266
0.84	0.31673345
0.84	0.3250794
0.81	0.40397844
0.89	0.29095942
0.85	0.29858205
0.88	0.317114
0.9	0.360724
0.87	0.29653245
0.84	0.41497543
0.81	0.3980077
0.86	0.34495848
0.85	0.39379582
0.84	0.3265227
0.76	0.43551755
0.87	0.322703
0.86	0.24732617
0.85	0.28901547
0.88	0.24572107
0.85	0.2994348
0.8	0.36024082
0.89	0.2801858
0.81	0.38310367
0.91	0.27162087
0.86	0.34755558
0.86	0.2857456
0.87	0.302717
0.9	0.28741702
0.86	0.3441518
0.9	0.2905688
0.86	0.33138987
0.84	0.31570542
0.9	0.21609144
0.85	0.33199537
0.82	0.34653825
0.86	0.2802592
0.84	0.41493836
0.89	0.25167796
0.91	0.22703254
0.86	0.3199096
0.81	0.36853713
0.84	0.33734667
0.85	0.28789064
0.78	0.40120304
0.84	0.34913626
0.87	0.29663298
0.89	0.27591044
0.84	0.29039118
0.85	0.3395954
0.85	0.32363138
0.88	0.318549
0.86	0.31124854
0.88	0.2627153
0.81	0.40483797
0.84	0.3514184
0.86	0.2909538
0.83	0.3254595
0.88	0.31227133
0.86	0.34024596
0.87	0.32864866
0.86	0.28209525
0.8	0.3787957
0.87	0.2772742
0.88	0.28411868
0.89	0.2755671
0.84	0.316503
0.89	0.33381477
0.84	0.29312783
0.91	0.22095373
0.87	0.27311268
0.91	0.22955737
0.94	0.20432657
0.87	0.23864257
0.91	0.23266262
0.87	0.25407514
0.79	0.40715477
0.9	0.26123363
0.81	0.33320367
0.86	0.32974544
0.83	0.35668468
0.83	0.377598
0.9	0.23844737
0.86	0.2535568
0.85	0.36526054
0.87	0.27478942
0.88	0.27810672
0.84	0.31775677
0.87	0.31691527
0.89	0.280644
0.84	0.3948201
0.9	0.23164774
0.85	0.2904598
0.85	0.32681537
0.91	0.26416308
0.86	0.27669522
0.86	0.29101336
0.83	0.31568572
0.9	0.24997617
0.88	0.2855903
0.88	0.29846597
0.86	0.31930503
0.86	0.2980425
0.79	0.42980045
0.87	0.2573565
0.92	0.2726171
0.87	0.27466208
0.88	0.2454546
0.87	0.2946565
0.82	0.32321796
0.84	0.43890294
0.82	0.31049153
0.88	0.27736685
0.88	0.3095803
0.86	0.26894206
0.88	0.35903862
0.92	0.25399166
0.86	0.28957897
0.89	0.26481026
0.89	0.23869228
0.9	0.25411266
0.77	0.45531216
0.88	0.32329372
0.82	0.3620243
0.92	0.25910035
0.88	0.38695535
0.85	0.29214486
0.83	0.31768936
0.92	0.23632668
0.88	0.36515954
0.9	0.2952274
0.83	0.36235246
0.87	0.31915027
0.9	0.25741643
0.87	0.2617524
0.84	0.30807486
0.89	0.26310202
0.79	0.3956729
0.82	0.3239283
0.84	0.33613366
0.87	0.2956699
0.89	0.27121863
0.89	0.25102082
0.87	0.31909654
0.89	0.23281138
0.84	0.32791966
0.91	0.24852103
0.84	0.40159264
0.87	0.22643791
0.86	0.32584876
0.83	0.32168847
0.87	0.3408135
0.82	0.4210858
0.9	0.27089015
0.85	0.37750545
0.8	0.42596936
0.83	0.35295296
0.77	0.44859302
0.81	0.3442357
0.93	0.21302482
0.8	0.3843442
0.85	0.31630364
0.85	0.31584987
0.85	0.26827148
0.91	0.25632814
0.89	0.25615036
0.89	0.304948
0.85	0.36840606
0.86	0.3283358
0.85	0.32010707
0.88	0.2966515
0.9	0.22061057
0.88	0.28874952
0.88	0.36935547
0.86	0.34986663
0.85	0.2802924
0.9	0.28019506
0.87	0.2895367
0.86	0.30741474
0.9	0.21551853
0.89	0.33944058
0.86	0.32442036
0.89	0.3341302
0.86	0.27957022
0.85	0.30107754
0.85	0.3590706
0.87	0.30869567
0.77	0.36093852
0.8	0.36161923
0.9	0.28351024
0.84	0.34095165
0.84	0.30350095
0.83	0.2813355
0.84	0.33933643
0.88	0.2829733
0.88	0.27352035
0.84	0.3343381
0.91	0.23442145
0.9	0.26691726
0.82	0.36155343
0.91	0.23067264
0.85	0.34857205
0.85	0.29846987
0.88	0.26110536
0.9	0.1967546
0.86	0.35026032
0.84	0.33334348
0.9	0.19545227
0.8	0.39950883
0.86	0.32032815
0.78	0.35230854
0.9	0.23751102
0.91	0.24417244
0.88	0.26891717
0.87	0.31136644
0.8	0.4070315
0.89	0.30041316
0.84	0.34836262
0.8	0.3812269
0.87	0.2935591
0.83	0.35866708
0.86	0.28135112
0.82	0.34710315
0.9	0.31192768
0.84	0.35894302
0.8	0.435279
0.83	0.29012975
0.87	0.35241282
0.88	0.25311893
0.84	0.28766635
0.88	0.30363277
0.85	0.30356294
0.85	0.29070386
0.86	0.28441676
0.89	0.28816825
0.86	0.35182017
0.92	0.2575197
0.85	0.32287464
0.9	0.28143638
0.93	0.24263196
0.93	0.28601116
0.88	0.28215876
0.85	0.31136012
0.87	0.25990883
0.94	0.20572083
0.83	0.31669798
0.79	0.4060437
0.85	0.2784915
0.82	0.3319871
0.87	0.30594826
0.87	0.32508513
0.85	0.34538037
0.86	0.35263282
0.87	0.28186658
0.78	0.41162017
0.84	0.33185732
0.85	0.3882464
0.85	0.27393284
0.87	0.27654576
0.85	0.2993693
0.85	0.30776164
0.76	0.42527828
0.82	0.35772663
0.88	0.25567147
0.86	0.3171453
0.82	0.36462876
0.92	0.2599229
0.89	0.25993824
0.85	0.38431334
0.81	0.3750531
0.85	0.3227013
0.9	0.24585491
0.89	0.23794472
0.88	0.27328134
0.87	0.25847834
0.89	0.23585805
0.81	0.37026924
0.87	0.3078029
0.89	0.2687389
0.87	0.30688664
0.84	0.3424003
0.9	0.28947136
0.9	0.25423133
0.84	0.31628382
0.91	0.21336026
0.86	0.3294213
0.87	0.27540332
0.88	0.26368436
0.88	0.26406038
0.85	0.28908423
0.87	0.26996535
0.85	0.28845665
0.83	0.3523568
0.84	0.3276271
0.83	0.2900803
0.83	0.32650077
0.87	0.2686923
0.92	0.2628907
0.89	0.30701026
0.82	0.3266948
0.87	0.2622732
0.82	0.34350193
0.81	0.46712998
0.84	0.30357745
0.85	0.36648655
0.85	0.28248933
0.87	0.25704706
0.84	0.32487953
0.9	0.23786402
0.89	0.26161712
0.83	0.33287713
0.88	0.32229683
0.9	0.2865569
0.86	0.2983333
0.84	0.34876555
0.86	0.34178802
0.84	0.33973384
0.82	0.3544442
0.87	0.31251374
0.89	0.26793003
0.88	0.28917998
0.85	0.3485967
0.84	0.34929436
0.86	0.29888824
0.88	0.27158478
0.89	0.33166826
0.83	0.34737316
0.83	0.39035895
0.85	0.27819392
0.86	0.31420267
0.82	0.36575726
0.89	0.2780427
0.83	0.31460822
0.88	0.2601806
0.9	0.26250482
0.87	0.26770344
0.91	0.2769803
0.84	0.32156262
0.88	0.28278774
0.9	0.23445237
0.79	0.38180888
0.87	0.3022432
0.83	0.32945102
0.84	0.3278694
0.83	0.4400676
0.86	0.293523
0.88	0.24711601
0.91	0.25557962
0.87	0.3668992
0.86	0.28531656
0.85	0.32942802
0.9	0.3134228
0.89	0.28502646
0.88	0.28485116
0.85	0.3593462
0.85	0.29689968
0.84	0.36415944
0.79	0.3413485
0.89	0.22998086
0.85	0.317709
0.9	0.22315285
0.84	0.33616558
0.87	0.31208968
0.92	0.26251456
0.94	0.23935366
0.86	0.30867422
0.79	0.34623185
0.86	0.3225753
0.88	0.24015112
0.87	0.25686744
0.78	0.41944057
0.87	0.3139991
0.88	0.27336398
0.89	0.293001
0.8	0.35303405
0.86	0.30073422
0.82	0.41302794
0.9	0.28047532
0.9	0.27781248
0.9	0.2700981
0.85	0.35585278
0.87	0.2887771
0.88	0.3310525
0.9	0.23629017
0.83	0.31750828
0.91	0.24062768
0.91	0.25288537
0.88	0.34405935
0.92	0.23594095
0.83	0.33691108
0.84	0.35904735
0.84	0.33366078
0.82	0.37624574
0.86	0.25665292
0.89	0.26090154
0.9	0.27123365
0.88	0.29171225
0.9	0.26648784
0.81	0.30953145
0.89	0.26006967
0.88	0.26643538
0.88	0.28443906
0.8	0.38793603
0.86	0.32542256
0.83	0.37981293
0.86	0.27939427
0.83	0.33940583
0.87	0.30642736
0.87	0.2877457
0.88	0.2879009
0.83	0.39048955
0.86	0.27410272
0.83	0.3531904
0.84	0.32851332
0.89	0.2415634
0.9	0.28382406
0.88	0.2985815
0.87	0.27944165
0.9	0.26821226
0.86	0.322528
0.86	0.2965648
0.83	0.37942287
0.89	0.28146562
0.87	0.28145188
0.91	0.21586311
0.82	0.32402793
0.82	0.31802085
0.85	0.28366992
0.9	0.25672463
0.84	0.35924637
0.88	0.27100542
0.84	0.32148698
0.88	0.2693738
0.83	0.32886684
0.92	0.22881855
0.85	0.30165488
0.8	0.3393643
0.84	0.29791605
0.9	0.26835695
0.86	0.28306994
0.92	0.23559341
0.89	0.2832731
0.86	0.26541457
0.8	0.43999723
0.91	0.25563827
0.89	0.24989544
0.83	0.34966332
0.83	0.396249
0.81	0.3231957
0.88	0.2882595
0.9	0.27725405
0.85	0.3475361
0.9	0.2559025
0.82	0.3696985
0.89	0.24426053
0.92	0.2026616
0.89	0.2120339
0.82	0.32147038
0.85	0.40183067
0.82	0.35738683
0.81	0.35862353
0.88	0.26957694
0.86	0.27687043
0.9	0.257447
0.82	0.34652779
0.85	0.32757297
0.87	0.30051434
0.81	0.42262486
0.82	0.3388533
0.85	0.34405094
0.89	0.2476207
0.87	0.3312446
0.78	0.4412925
0.86	0.30475032
0.93	0.20951748
0.85	0.3360955
0.83	0.38363302
0.89	0.29943654
0.85	0.34404987
0.86	0.27820712
0.82	0.35919514
0.84	0.2819138
0.84	0.36585099
0.9	0.22862361
0.88	0.3059207
0.87	0.28993106
0.9	0.26270816
0.87	0.2655417
0.81	0.3970611
0.85	0.28711882
0.86	0.29069015
0.81	0.3740657
0.91	0.23851116
0.9	0.26166913
0.92	0.24004826
0.89	0.27844477
0.86	0.35018456
0.86	0.3254382
0.87	0.28012776
0.89	0.2679752
0.89	0.27514786
0.92	0.2064815
0.9	0.2438052
0.89	0.27601117
0.88	0.2652907
0.87	0.3039028
0.85	0.33692753
0.89	0.26150405
0.86	0.27773735
0.89	0.25489783
0.84	0.32393795
0.88	0.32037133
0.79	0.38248155
0.9	0.24128418
0.83	0.31736588
0.85	0.36227772
0.89	0.2542638
0.88	0.28012532
0.89	0.2887929
0.83	0.35579404
0.86	0.29317465
0.87	0.34009838
0.88	0.29712975
0.93	0.24010442
0.79	0.41818237
0.88	0.30440825
0.86	0.31199664
0.89	0.24821778
0.83	0.35512772
0.9	0.26827952
0.89	0.24603996
0.86	0.2768247
0.89	0.2607472
0.83	0.4650948
0.86	0.30575308
0.81	0.40459216
0.9	0.24890323
0.85	0.33847553
0.92	0.20985356
0.86	0.3503002
0.92	0.26116562
0.87	0.26511806
0.87	0.3119515
0.84	0.3826268
0.9	0.26384014
0.88	0.2628852
0.92	0.23808296
0.88	0.29483914
0.92	0.2990991
0.86	0.34382093
0.93	0.2566248
0.88	0.27383092
0.86	0.39805984
0.86	0.2599579
0.84	0.33688486
0.92	0.2604955
0.84	0.29862493
0.88	0.3009372
0.86	0.2921549
0.89	0.26080298
0.91	0.25801975
0.81	0.3801365
0.84	0.2725868
0.88	0.29068577
0.85	0.29220158
0.79	0.41929123
0.85	0.3827971
0.89	0.24771228
0.83	0.43095788
0.91	0.23129238
0.81	0.35574514
0.86	0.2953199
0.83	0.3467027
0.94	0.20141828
0.86	0.36802348
0.87	0.31986132
0.87	0.2491312
0.83	0.31837308
0.89	0.29253402
0.86	0.27981916
0.85	0.32499158
0.88	0.28815484
0.83	0.36774838
0.83	0.3014614
0.82	0.3824507
0.86	0.29668885
0.91	0.24374016
0.88	0.27781335
0.86	0.33014643
0.79	0.46513757
0.85	0.3386676
0.82	0.33201268
0.92	0.23827335
0.9	0.24539179
0.91	0.31488764
0.93	0.24431501
0.81	0.37532288
0.86	0.28416649
0.89	0.2696486
0.85	0.31940657
0.85	0.29229444
0.86	0.3254772
0.81	0.34103283
0.89	0.3011641
0.87	0.37879863
0.89	0.22671609
0.89	0.25411072
0.87	0.34474984
0.89	0.25840408
0.87	0.315456
0.83	0.39150766
0.85	0.30812103
0.87	0.29398942
0.86	0.29479855
0.83	0.4502138
0.82	0.29585636
0.89	0.29859918
0.93	0.20888361
0.83	0.3851118
0.82	0.30562085
0.87	0.346971
0.92	0.22046411
0.87	0.2903388
0.87	0.32472122
0.92	0.21480758
0.91	0.24919021
0.89	0.30468988
0.87	0.28232566
0.85	0.31759563
0.83	0.3457618
0.86	0.30982852
0.84	0.3442862
0.81	0.35513455
0.87	0.31647393
0.81	0.41486615
0.88	0.26415423
0.87	0.3016817
0.89	0.23304068
0.89	0.2906934
0.86	0.31002516
0.83	0.34606063
0.88	0.2716009
0.91	0.26960003
0.84	0.3341641
0.89	0.25592262
0.83	0.39114597
0.81	0.39227432
0.89	0.25560173
0.88	0.22652179
0.86	0.30127963
0.86	0.32263207
0.85	0.31477195
0.88	0.2973713
0.81	0.3738909
0.86	0.33263463
0.87	0.28481767
0.87	0.32143775
0.84	0.32913217
0.9	0.34525725
0.84	0.34268233
0.8	0.3313528
0.85	0.32670075
0.85	0.38478982
0.9	0.2246118
0.86	0.31691015
0.83	0.34781638
0.87	0.2885827
0.86	0.28753164
0.87	0.27758086
0.9	0.23711525
0.88	0.3570813
0.89	0.2725761
0.91	0.25685766
0.88	0.28482315
0.85	0.27035627
0.86	0.27920413
0.8	0.4249336
0.87	0.29353398
0.86	0.26271954
0.83	0.36843958
0.89	0.27126816
0.92	0.2823488
0.89	0.29591027
0.89	0.32567123
0.88	0.28258973
0.85	0.2956946
0.83	0.35471454
0.83	0.34940764
0.84	0.33446336
0.83	0.32866
0.92	0.26927328
0.88	0.29600462
0.86	0.31702837
0.8	0.36784652
0.86	0.34336787
0.92	0.26158488
0.87	0.25840214
0.91	0.24040535
0.88	0.31877643
0.88	0.24274029
0.81	0.41315988
0.82	0.3099344
0.9	0.2813473
0.94	0.21028642
0.82	0.3759779
0.84	0.30571452
0.85	0.29902592
0.86	0.3047015
0.85	0.32348415
0.88	0.25734007
0.81	0.47345144
0.89	0.26466933
0.86	0.31081387
0.89	0.31940496
0.85	0.30607763
0.88	0.27247718
0.83	0.3156408
0.83	0.33045352
0.86	0.3456349
0.84	0.30881906
0.9	0.2719968
0.87	0.31096467
0.88	0.30591923
0.85	0.36225507
0.93	0.25085545
0.9	0.25900412
0.82	0.39332962
0.85	0.35598767
0.83	0.31953773
0.87	0.34748295
0.84	0.34176722
0.82	0.37772653
0.84	0.32814804
0.88	0.31298435
0.88	0.2965663
0.88	0.3057742
0.9	0.23437825
0.83	0.31180185
0.92	0.2513047
0.92	0.33580032
0.81	0.34690368
0.89	0.24442631
0.82	0.29853046
0.89	0.23333783
0.87	0.31717044
0.87	0.30209127
0.93	0.24079733
0.87	0.3116945
0.87	0.27477077
0.91	0.27499586
0.91	0.22240534
0.86	0.36237746
0.85	0.33344537
0.87	0.27967575
0.87	0.3357657
0.92	0.24907082
0.88	0.2371217
0.76	0.45506313
0.84	0.3502554
0.89	0.30546117
0.84	0.3790513
0.83	0.35575774
0.87	0.2503073
0.85	0.2953807
0.82	0.31707144
0.89	0.27486083
0.83	0.32462025
0.88	0.33879244
0.92	0.20431724
0.84	0.3516703
0.86	0.25357714
0.88	0.25824884
0.83	0.31957152
0.9	0.28788978
0.84	0.2931029
0.86	0.2661079
0.84	0.39263478
0.89	0.283834
0.85	0.34574464
0.87	0.26077655
0.86	0.2912716
0.91	0.22883184
0.86	0.3072786
0.89	0.29393944
0.86	0.2634837
0.93	0.2779583
0.88	0.24770378
0.89	0.27671102
0.86	0.35381034
0.85	0.284698
0.88	0.246499
0.88	0.33097446
0.95	0.19405249
0.89	0.2565226
0.92	0.24742843
0.84	0.30433986
0.86	0.3161165
0.87	0.29829076
0.87	0.27537468
0.86	0.2735457
0.85	0.32004875
0.88	0.28300202
0.86	0.3069812
0.9	0.28180963
0.8	0.39073655
0.78	0.35102603
0.87	0.28191912
0.9	0.29812026
0.85	0.27121025
0.88	0.29181558
0.87	0.31935272
0.87	0.28347206
0.86	0.27933824
0.79	0.40957108
0.86	0.30692288
0.83	0.29015166
0.84	0.3810561
0.89	0.3387007
0.86	0.3504493
0.85	0.29212782
0.86	0.32211226
0.91	0.2571154
0.84	0.3183459
0.91	0.26285923
0.89	0.28262663
0.85	0.3356041
0.86	0.29416054
0.82	0.3630875
0.79	0.35358152
0.87	0.30174148
0.89	0.29340768
0.91	0.24520412
0.83	0.3555963
0.94	0.20955002
0.88	0.2799292
0.9	0.29486662
0.87	0.35141274
0.87	0.26227874
0.85	0.366366
0.91	0.24663925
0.88	0.32350746
0.77	0.35108733
0.86	0.28210363
0.87	0.34609205
0.84	0.3602453
0.87	0.28524703
0.92	0.20353828
0.93	0.2548838
0.88	0.2670828
0.83	0.32273826
0.89	0.30216065
0.89	0.37013003
0.82	0.33314008
0.93	0.22906315
0.85	0.3264948
0.84	0.3730194
0.91	0.21897261
0.87	0.31883428
0.9	0.25149882
0.84	0.363587
0.88	0.3068903
0.86	0.32061833
0.85	0.38106498
0.83	0.32418975
0.89	0.27281687
0.89	0.2375855
0.9	0.25134718
0.93	0.23594987
0.9	0.32267207
0.86	0.33402756
0.88	0.27773392
0.85	0.326761
0.88	0.30235192
0.86	0.30771273
0.84	0.2950066
0.93	0.24015789
0.86	0.30432907
0.88	0.2923242
0.9	0.2702574
0.86	0.29603845
0.93	0.19125256
0.88	0.30341706
0.86	0.2653078
0.85	0.30368748
0.86	0.35271758
0.82	0.3442278
0.84	0.31614265
0.87	0.31872648
0.88	0.27036536
0.82	0.36062923
0.88	0.3149423
0.85	0.30804524
0.92	0.25119418
0.84	0.2736411
0.9	0.26762545
0.89	0.22385652
0.9	0.28836262
0.86	0.29171565
0.9	0.27548206
0.89	0.3053226
0.83	0.39883968
0.77	0.41018897
0.81	0.32187107
0.86	0.2979238
0.85	0.34156293
0.88	0.3452346
0.85	0.2589113
0.81	0.39426076
0.81	0.3533641
0.85	0.34347495
0.91	0.24074559
0.81	0.36672384
0.9	0.26110756
0.87	0.32742804
0.84	0.36131486
0.88	0.30653405
0.83	0.39772624
0.87	0.32039794
0.85	0.3495453
0.87	0.28045836
0.84	0.37914103
0.88	0.26279086
0.86	0.285037
0.88	0.28593907
0.9	0.28749228
0.88	0.31470606
0.9	0.28106958
0.86	0.314671
0.91	0.29883525
0.91	0.29895267
0.86	0.32900006
0.83	0.3184491
0.83	0.35007936
0.9	0.27576885
0.78	0.3957412
0.81	0.38761264
0.81	0.33336267
0.83	0.3859149
0.83	0.30865404
0.91	0.22938171
0.91	0.2368444
0.84	0.31181216
0.84	0.28821778
0.81	0.36880872
0.89	0.26206487
0.85	0.3039658
0.85	0.2896979
0.89	0.28965986
0.86	0.27563262
0.85	0.30779433
0.75	0.510225
0.79	0.4001721
0.9	0.28647384
0.86	0.2821202
0.86	0.3634445
0.88	0.27712214
0.88	0.25020802
0.85	0.33601478
0.91	0.24620879
0.85	0.35110942
0.83	0.26835036
0.87	0.30179027
0.94	0.18971574
0.85	0.28629956
0.85	0.27375138
0.83	0.36054602
0.87	0.25990903
0.86	0.2737793
0.85	0.31267574
0.89	0.26827005
0.9	0.26720887
0.85	0.33391103
0.89	0.30485976
0.86	0.2794422
0.89	0.2544174
0.87	0.29629052
0.86	0.28446016
0.87	0.29954088
0.85	0.32714856
0.83	0.4038755
0.79	0.31888318
0.84	0.330908
0.87	0.3256749
0.87	0.2797087
0.94	0.29742566
0.88	0.26808912
0.86	0.3152767
0.82	0.37843564
0.88	0.28479007
0.84	0.34782588
0.91	0.28710908
0.88	0.2810007
0.83	0.3647045
0.9	0.23706321
0.89	0.22844008
0.88	0.25846213
0.88	0.27369463
0.87	0.3298419
0.9	0.25169492
0.88	0.3219388
0.92	0.22586156
0.8	0.38249087
0.85	0.3399844
0.87	0.29373425
0.82	0.41538915
0.88	0.26318166
0.88	0.28348735
0.81	0.4064442
0.91	0.29072663
0.82	0.34447506
0.86	0.26955423
0.87	0.2939467
0.9	0.2377207
0.88	0.27803078
0.88	0.2691559
0.9	0.22933914
0.83	0.33032784
0.82	0.35893935
0.9	0.27093896
0.85	0.31146973
0.82	0.3848742
0.87	0.26508084
0.86	0.28044602
0.83	0.3346184
0.87	0.26168683
0.86	0.298402
0.84	0.29896462
0.88	0.27248633
0.81	0.36581367
0.84	0.38453847
0.92	0.24000436
0.88	0.3034545
0.9	0.25814587
0.86	0.31761172
0.87	0.28788394
0.83	0.3532133
0.89	0.3076418
0.89	0.33044738
0.88	0.27675825
0.85	0.38002488
0.92	0.23299608
0.9	0.28091642
0.86	0.30211782
0.87	0.30178073
0.88	0.2871736
0.93	0.20234388
0.84	0.3092673
0.86	0.29653326
0.84	0.39697206
0.88	0.28455994
0.87	0.28876022
0.85	0.2519765
0.86	0.33072114
0.92	0.24986498
0.89	0.24109976
0.89	0.25544313
0.9	0.24067843
0.86	0.31061897
0.87	0.31797543
0.89	0.28583324
0.89	0.2841541
0.87	0.2858757
0.85	0.32321736
0.86	0.28990203
0.85	0.30409038
0.87	0.3018503
0.85	0.36722946
0.87	0.2733241
0.88	0.30682757
0.9	0.23881733
0.83	0.3581069
0.82	0.43243122
0.84	0.25061932
0.9	0.2846367
0.88	0.28688458
0.88	0.3127266
0.91	0.2596409
0.81	0.38586763
0.89	0.28790644
0.89	0.290273
0.83	0.31280714
0.9	0.2516534
0.86	0.35523215
0.88	0.2574577
0.86	0.3456158
0.87	0.25092888
0.88	0.2927549
0.86	0.28853568
0.87	0.28517064
0.92	0.22671624
0.84	0.3119805
0.84	0.35034764
0.89	0.25252953
0.89	0.3124523
0.86	0.3023759
0.91	0.24775136
0.89	0.23930739
0.83	0.31608945
0.84	0.31366795
0.86	0.29164594
0.87	0.28436062
0.86	0.31674954
0.9	0.30255133
0.83	0.37248716
0.93	0.18193536
0.87	0.30301732
0.88	0.28681952
0.9	0.2514772
0.89	0.29115257
0.85	0.3135315
0.82	0.3584932
0.79	0.4755034
0.94	0.22080931
0.9	0.34433833
0.93	0.24903391
0.9	0.26395443
0.86	0.34139922
0.83	0.32765183
0.9	0.26064605
0.83	0.33875084
0.84	0.36870965
0.85	0.30406022
0.87	0.31724027
0.84	0.3301261
0.84	0.33677036
0.87	0.31678215
0.93	0.22530237
0.88	0.2772703
0.84	0.30612713
0.88	0.27349412
0.87	0.25601596
0.86	0.3079963
0.85	0.29813445
0.9	0.23079042
0.83	0.32229316
0.87	0.2766876
0.9	0.26625627
0.86	0.31984156
0.86	0.38933927
0.89	0.27085376
0.86	0.321935
0.89	0.30525243
0.91	0.25808337
0.87	0.33441228
0.89	0.30763605
0.89	0.26635855
0.84	0.3105899
0.81	0.3432151
0.88	0.27234548
0.83	0.40292388
0.91	0.28062114
0.86	0.31182885
0.84	0.2997476
0.91	0.23658895
0.82	0.34704894
0.87	0.28108928
0.89	0.29487914
0.83	0.30488175
0.89	0.22572322
0.87	0.31228724
0.81	0.43255737
0.91	0.29497033
0.88	0.27330157
0.86	0.35647255
0.85	0.33216956
0.93	0.21370378
0.87	0.29763862
0.85	0.34914407
0.89	0.2572053
0.89	0.2887473
0.89	0.3196963
0.82	0.37403452
0.82	0.3172748
0.87	0.28433573
0.91	0.23530845
0.84	0.33544526
0.82	0.38461018
0.86	0.39290914
0.83	0.3321622
0.81	0.42345428
0.89	0.29493034
0.91	0.23976924
0.9	0.24306953
0.89	0.2577854
0.9	0.275714
0.82	0.3654883
0.85	0.316864
0.87	0.26424193
0.88	0.23071618
0.87	0.27631965
0.86	0.3534803
0.8333333	0.44014835
0.93	0.19554338
0.85	0.29709777
0.8	0.364735
0.83	0.35586149
0.84	0.33756286
0.85	0.3260525
0.86	0.3008669
0.88	0.32986176
0.87	0.31657678
0.89	0.28724948
0.9	0.21942268
0.91	0.22278076
0.87	0.24805653
0.87	0.2706172
0.84	0.34673226
0.87	0.26242676
0.87	0.29964757
0.89	0.2441184
0.92	0.24107145
0.86	0.28545168
0.92	0.24666959
0.93	0.23337795
0.88	0.25347722
0.84	0.30800456
0.94	0.22317469
0.86	0.299902
0.85	0.36845693
0.83	0.29597786
0.78	0.4168904
0.87	0.29743135
0.93	0.18111937
0.86	0.3110296
0.82	0.3463296
0.91	0.20992495
0.85	0.29312083
0.93	0.2323752
0.91	0.25859278
0.86	0.34143212
0.92	0.24400607
0.93	0.22708689
0.92	0.23455551
0.85	0.2972022
0.89	0.2509447
0.88	0.29998457
0.86	0.328264
0.83	0.37745133
0.91	0.24496128
0.88	0.25814763
0.86	0.2950909
0.94	0.21993923
0.9	0.24433322
0.82	0.33694762
0.84	0.28240842
0.88	0.30621728
0.82	0.34804153
0.87	0.26483595
0.86	0.2798171
0.91	0.2563382
0.79	0.3706025
0.88	0.2607767
0.87	0.29393333
0.86	0.31408972
0.93	0.19442089
0.81	0.40104374
0.89	0.30631974
0.84	0.32252824
0.9	0.2565018
0.85	0.34736833
0.9	0.2785179
0.79	0.36725253
0.89	0.2564015
0.91	0.2332154
0.88	0.2148167
0.84	0.28015178
0.84	0.34254438
0.81	0.39988288
0.83	0.30961302
0.86	0.28484872
0.88	0.253089
0.85	0.3879242
0.86	0.27743113
0.9	0.3114566
0.87	0.26991656
0.89	0.24190274
0.9	0.27198055
0.84	0.35635176
0.88	0.23997006
0.92	0.26165575
0.8	0.43257722
0.93	0.19433755
0.87	0.28388563
0.84	0.35515434
0.88	0.2909109
0.88	0.31149614
0.82	0.33332312
0.93	0.19821915
0.86	0.30886236
0.87	0.3080461
0.88	0.24319446
0.84	0.28939477
0.82	0.3400177
0.86	0.32565904
0.77	0.43860984
0.92	0.2364619
0.86	0.29993954
0.91	0.23075451
0.86	0.3522742
0.84	0.33304024
0.84	0.29327637
0.89	0.25460607
0.91	0.25659087
0.9	0.28622228
0.88	0.2735517
0.87	0.3466805
0.96	0.20252448
0.92	0.20826322
0.87	0.34527987
0.76	0.43582985
0.83	0.27215606
0.87	0.29196408
0.81	0.45574063
0.87	0.32418427
0.92	0.24665762
0.87	0.2981885
0.91	0.24830705
0.86	0.30964184
0.87	0.26158386
0.84	0.34185764
0.92	0.25387233
0.82	0.32223397
0.88	0.2640721
0.85	0.32543322
0.87	0.29067853
0.81	0.3019616
0.85	0.3307507
0.92	0.24297263
0.91	0.2681783
0.91	0.22777532
0.88	0.2568313
0.81	0.3236513
0.86	0.29879048
0.89	0.26320142
0.89	0.29173556
0.87	0.290858
0.91	0.19986448
0.85	0.36352113
0.87	0.2954106
0.88	0.23353048
0.86	0.26538572
0.86	0.3333515
0.85	0.31737238
0.87	0.29376712
0.9	0.26352707
0.86	0.27747154
0.8	0.35987923
0.89	0.2680123
0.83	0.38688964
0.76	0.41693234
0.92	0.20734817
0.83	0.34922364
0.93	0.22029811
0.88	0.28275007
0.86	0.26510954
0.83	0.33595234
0.91	0.24966286
0.87	0.33330703
0.85	0.29769772
0.89	0.30728564
0.87	0.28964645
0.81	0.37840325
0.82	0.31346264
0.82	0.30877668
0.84	0.33775946
0.83	0.35363048
0.86	0.28620017
0.91	0.23780909
0.85	0.32971478
0.87	0.30045256
0.81	0.38512486
0.86	0.31120718
0.86	0.3059574
0.75	0.40421715
0.92	0.26375464
0.81	0.33775204
0.9	0.2481114
0.86	0.30110663
0.84	0.3595885
0.86	0.28597128
0.88	0.23221542
0.82	0.3882369
0.86	0.29416996
0.85	0.2903582
0.96	0.18226175
0.83	0.31059527
0.82	0.3110811
0.9	0.22358459
0.88	0.30898395
0.87	0.33165303
0.89	0.25473142
0.91	0.25114214
0.83	0.30343592
0.86	0.2769669
0.89	0.2848221
0.88	0.27471223
0.85	0.35135105
0.91	0.27359158
0.86	0.32399282
0.85	0.28859237
0.87	0.28638923
0.86	0.28679785
0.83	0.3652849
0.91	0.22882755
0.86	0.30586785
0.85	0.34603137
0.89	0.24314602
0.84	0.34996983
0.86	0.33268625
0.79	0.39957115
0.86	0.3257449
0.84	0.32663906
0.84	0.31024435
0.83	0.38423112
0.79	0.35269332
0.87	0.25471038
0.82	0.4128052
0.86	0.32488954
0.85	0.33476016
0.91	0.26279122
0.84	0.3320529
0.8	0.38265955
0.85	0.28633365
0.83	0.34033397
0.86	0.319325
0.85	0.3320985
0.82	0.35103834
0.8	0.3566156
0.89	0.33836278
0.87	0.31337243
0.87	0.2915901
0.92	0.19844578
0.84	0.3340415
0.85	0.4124868
0.87	0.30713868
0.89	0.24621303
0.88	0.2526043
0.85	0.3554052
0.85	0.33660462
0.87	0.2699106
0.89	0.264555
0.87	0.26426962
0.87	0.3009269
0.9	0.28289634
0.9	0.23060562
0.84	0.35037392
0.86	0.3760526
0.88	0.2801706
0.82	0.32888123
0.87	0.29764792
0.8	0.41764203
0.88	0.28778195
0.87	0.27885896
0.89	0.2627923
0.87	0.27157947
0.89	0.2452407
0.89	0.29107818
0.9	0.29925057
0.88	0.2875276
0.89	0.22965452
0.85	0.3109705
0.91	0.24912125
0.83	0.39349866
0.92	0.21977888
0.94	0.23282304
0.83	0.31712344
0.83	0.35703132
0.87	0.25948212
0.82	0.37727347
0.91	0.27262464
0.87	0.30756348
0.87	0.28463212
0.88	0.22897401
0.88	0.2700232
0.84	0.43076596
0.83	0.36542156
0.87	0.31456918
0.82	0.34274963
0.91	0.23211679
0.84	0.28436166
0.81	0.37199485
0.86	0.28611726
0.86	0.30415553
0.84	0.32316867
0.9	0.29348448
0.87	0.32241535
0.93	0.20472984
0.88	0.2753261
0.9	0.21759318
0.84	0.3577824
0.88	0.26182923
0.9	0.24398865
0.92	0.28317145
0.78	0.4083471
0.86	0.26863766
0.88	0.29710206
0.92	0.21280354
0.93	0.23243323
0.92	0.21510594
0.86	0.24413145
0.84	0.29117644
0.84	0.35518318
0.92	0.2263943
0.85	0.38420814
0.86	0.32044727
0.91	0.246902
0.85	0.26726356
0.87	0.29711643
0.86	0.33061162
0.87	0.28298408
0.89	0.27622867
0.9	0.25599307
0.91	0.24530852
0.88	0.2712947
0.86	0.28503826
0.86	0.2732648
0.87	0.3672102
0.85	0.34829208
0.88	0.25795114
0.85	0.32622087
0.87	0.25672495
0.92	0.21276149
0.86	0.28377086
0.85	0.28332034
0.87	0.3014838
0.87	0.31970745
0.9	0.2452166
0.86	0.34661034
0.86	0.31540793
0.87	0.2590167
0.91	0.2464148
0.87	0.2539633
0.84	0.35006687
0.88	0.24952029
0.94	0.23650345
0.85	0.320776
0.82	0.37944055
0.88	0.3068406
0.84	0.34691337
0.88	0.24854933
0.81	0.36902663
0.86	0.3052267
0.86	0.2775721
0.94	0.21271084
0.87	0.26891547
0.93	0.25252724
0.83	0.35112226
0.88	0.32320473
0.82	0.30652088
0.83	0.34770817
0.89	0.2672933
0.89	0.28367403
0.87	0.35517707
0.91	0.23513746
0.88	0.24405704
0.87	0.29501864
0.9	0.2622301
0.91	0.2540361
0.87	0.31833202
0.89	0.25844216
0.9	0.24058416
0.92	0.21179064
0.79	0.4039685
0.94	0.22062118
0.85	0.32854554
0.88	0.28581804
0.89	0.32351765
0.87	0.33465663
0.78	0.39058396
0.89	0.2845828
0.87	0.30215758
0.92	0.2149556
0.84	0.32326362
0.87	0.33252227
0.86	0.36122122
0.81	0.33805886
0.84	0.36886624
0.91	0.28260162
0.89	0.2451941
0.9	0.26010936
0.87	0.26754597
0.82	0.3491369
0.9	0.23370647
0.87	0.30797723
0.95	0.2287355
0.92	0.24862887
0.83	0.3905401
0.87	0.25661597
0.84	0.28844672
0.9	0.2666133
0.89	0.2549604
0.9	0.2477834
0.83	0.36955887
0.82	0.3419271
0.87	0.26688218
0.85	0.3170601
0.78	0.34363642
0.91	0.21327695
0.92	0.2596587
0.83	0.36539063
0.93	0.22149277
0.89	0.27574268
0.85	0.34528
0.82	0.3674169
0.87	0.2632912
0.81	0.39602256
0.85	0.3165295
0.84	0.32111004
0.86	0.26995814
0.88	0.21779078
0.88	0.27140865
0.84	0.32632107
0.91	0.26157653
0.88	0.25580212
0.86	0.32357365
0.86	0.3098194
0.85	0.2878238
0.86	0.29141465
0.86	0.3002239
0.88	0.25766164
0.81	0.33412284
0.82	0.31402937
0.84	0.41782266
0.87	0.28650254
0.86	0.30204466
0.87	0.33276546
0.86	0.38819337
0.84	0.28576505
0.88	0.24824673
0.84	0.3198116
0.8	0.34901878
0.91	0.22828564
0.88	0.27416855
0.91	0.27678147
0.84	0.31218547
0.86	0.2747552
0.84	0.26518396
0.85	0.28417775
0.87	0.31050104
0.88	0.319295
0.86	0.3119648
0.88	0.27233136
0.92	0.18099827
0.89	0.25292194
0.84	0.3290802
0.9	0.26120415
0.83	0.3863701
0.87	0.31256825
0.88	0.25454402
0.85	0.28898755
0.88	0.287371
0.85	0.27580371
0.92	0.2275176
0.93	0.2530979
0.89	0.2718807
0.81	0.36439002
0.82	0.385282
0.83	0.31180847
0.89	0.27208468
0.91	0.21661048
0.85	0.30571032
0.82	0.4131599
0.89	0.2553752
0.88	0.26533598
0.89	0.27997756
0.9	0.26487458
0.86	0.29664695
0.86	0.29656518
0.87	0.27182215
0.86	0.29731685
0.84	0.36347774
0.91	0.2555521
0.85	0.3181804
0.9	0.26347494
0.87	0.3224922
0.91	0.24740952
0.86	0.28368077
0.93	0.26352003
0.9	0.28075907
0.85	0.3762546
0.87	0.2577829
0.87	0.30239537
0.94	0.19311681
0.85	0.33985126
0.86	0.34094924
0.89	0.21249
0.88	0.2812879
0.87	0.31283414
0.89	0.31263313
0.88	0.3114599
0.94	0.21986608
0.91	0.20574598
0.87	0.28853828
0.85	0.29958525
0.82	0.34702766
0.9	0.24170084
0.87	0.24942875
0.86	0.25609735
0.85	0.33495486
0.89	0.26076716
0.87	0.2717513
0.9	0.26714018
0.83	0.35066295
0.89	0.2158938
0.91	0.3162578
0.89	0.238209
0.85	0.31830746
0.92	0.2110318
0.85	0.2850864
0.83	0.3340588
0.84	0.29572925
0.86	0.3247751
0.87	0.30530345
0.82	0.30473113
0.87	0.30580583
0.9	0.24092588
0.85	0.27322873
0.87	0.28936887
0.9	0.2709741
0.87	0.32351565
0.87	0.3202401
0.87	0.31412435
0.83	0.32456312
0.81	0.35399872
0.89	0.2924781
0.85	0.25293958
0.86	0.2772416
0.81	0.36279678
0.83	0.33469382
0.94	0.18687734
0.88	0.26366937
0.9	0.2898501
0.88	0.29732132
0.88	0.25230527
0.83	0.3713612
0.87	0.33546552
0.8	0.3860013
0.84	0.3043333
0.89	0.24859828
0.91	0.20945892
0.87	0.28718108
0.89	0.2614549
0.89	0.24662283
0.9	0.25849703
0.87	0.28777426
0.86	0.27961925
0.86	0.30727878
0.92	0.21454227
0.87	0.3079131
0.94	0.21731976
0.88	0.3146469
0.88	0.2642481
0.88	0.28681663
0.85	0.3967445
0.84	0.34054747
0.87	0.2907111
0.87	0.28843594
0.89	0.29087055
0.87	0.27073163
0.84	0.26647508
0.88	0.25380588
0.93	0.2610532
0.88	0.31740478
0.83	0.3335383
0.91	0.21596137
0.89	0.28596768
0.85	0.3112897
0.87	0.28008777
0.92	0.21470456
0.85	0.2870199
0.85	0.33164775
0.91	0.2637177
0.83	0.38518035
0.89	0.25391036
0.87	0.26797536
0.83	0.37444785
0.9	0.29677838
0.89	0.27121934
0.9	0.22444923
0.8	0.34078544
0.87	0.24811107
0.9	0.29218683
0.88	0.28573745
0.88	0.28497916
0.84	0.3197921
0.9	0.27829477
0.87	0.30753165
0.88	0.26964015
0.87	0.26680598
0.86	0.2913878
0.92	0.22379297
0.9	0.26961598
0.89	0.27946374
0.85	0.28938285
0.84	0.2977262
0.83	0.31108955
0.82	0.34929985
0.91	0.26925573
0.83	0.31349275
0.9	0.29292274
0.87	0.28042033
0.82	0.33563372
0.88	0.28274247
0.87	0.2933557
0.93	0.22399141
0.86	0.28108743
0.89	0.28553712
0.87	0.2670938
0.9	0.24806713
0.89	0.26143152
0.84	0.40269265
0.85	0.32568568
0.88	0.2747201
0.86	0.41603237
0.89	0.24973582
0.88	0.25463706
0.79	0.3429993
0.9	0.24729519
0.82	0.35458398
0.84	0.40537652
0.91	0.22405867
0.92	0.27455026
0.9	0.25191402
0.93	0.23549181
0.9	0.22398998
0.87	0.28851026
0.93	0.20055239
0.83	0.3252817
0.93	0.1913217
0.89	0.25479004
0.91	0.25372353
0.82	0.32282546
0.85	0.29633567
0.88	0.30674064
0.86	0.31508932
0.81	0.41385418
0.86	0.32371056
0.86	0.34072673
0.88	0.22772379
0.83	0.28548998
0.82	0.33268836
0.81	0.34597126
0.96	0.21191032
0.93	0.20176294
0.85	0.3278492
0.89	0.26651156
0.9	0.2351411
0.84	0.2691299
0.88	0.24401367
0.82	0.3689616
0.87	0.27945602
0.95	0.16122705
0.86	0.330455
0.88	0.24166763
0.87	0.31671774
0.84	0.36244273
0.86	0.29160243
0.89	0.26501298
0.81	0.33008587
0.87	0.30782846
0.94	0.19512954
0.81	0.44703987
0.86	0.31801426
0.89	0.2567927
0.88	0.30385327
0.83	0.30573118
0.79	0.4005627
0.89	0.22523674
0.86	0.2785922
0.89	0.2360574
0.89	0.28170073
0.87	0.30483004
0.88	0.2556527
0.91	0.22065161
0.9	0.23621269
0.87	0.29589304
0.87	0.2695998
0.82	0.33985606
0.86	0.29450202
0.77	0.34637406
0.9	0.21736234
0.85	0.29442096
0.92	0.23824745
0.86	0.3100325
0.9	0.26509154
0.87	0.25021815
0.8	0.4226278
0.93	0.23850927
0.87	0.26012263
0.91	0.23825575
0.94	0.20068544
0.85	0.32550022
0.82	0.4158452
0.86	0.32611904
0.88	0.29458556
0.85	0.28770983
0.86	0.35576695
0.84	0.38871711
0.84	0.30823004
0.84	0.33271214
0.88	0.20974365
0.86	0.31057763
0.83	0.28686887
0.83	0.3218607
0.86	0.30937257
0.85	0.344795
0.85	0.37012726
0.82	0.3429249
0.92	0.24552864
0.86	0.35365158
0.82	0.2887451
0.84	0.3128413
0.81	0.41090497
0.93	0.2251929
0.86	0.2903227
0.85	0.26083767
0.84	0.38392735
0.88	0.298423
0.85	0.32249814
0.86	0.28047454
0.86	0.2643392
0.89	0.24536058
0.85	0.29174677
0.87	0.33072203
0.8	0.38385808
0.89	0.26666024
0.91	0.23984282
0.87	0.23969069
0.9	0.27905652
0.89	0.23110943
0.83	0.31763858
0.87	0.28391272
0.86	0.32733613
0.88	0.23541231
0.91	0.3100465
0.86	0.3231709
0.88	0.29336375
0.91	0.26596326
0.91	0.27205095
0.9	0.21555886
0.82	0.3253332
0.86	0.29291454
0.87	0.35469845
0.9	0.23427513
0.87	0.24288648
0.83	0.3670924
0.88	0.2907075
0.92	0.22129755
0.87	0.32893226
0.89	0.34305558
0.87	0.31026503
0.89	0.24397989
0.86	0.33113903
0.88	0.27905637
0.86	0.2950514
0.85	0.31554592
0.88	0.2432204
0.9	0.25176677
0.77	0.38923654
0.89	0.2981101
0.82	0.3294397
0.9	0.22728471
0.86	0.26778272
0.91	0.26654166
0.92	0.2464654
0.87	0.3112251
0.87	0.3147195
0.94	0.25227904
0.87	0.2994035
0.89	0.24831057
0.86	0.31269443
0.9	0.28768083
0.92	0.2677403
0.79	0.38353935
0.9	0.26693562
0.88	0.30333802
0.87	0.31769744
0.82	0.39880696
0.87	0.25893137
0.84	0.341738
0.85	0.34740382
0.87	0.3301714
0.91	0.2715625
0.9	0.25122467
0.86	0.27739602
0.87	0.26474425
0.86	0.2977941
0.89	0.27389896
0.85	0.26574025
0.86	0.2913605
0.77	0.39748466
0.88	0.32686302
0.88	0.34454334
0.91	0.24686676
0.9	0.2531535
0.93	0.21232235
0.85	0.32751083
0.86	0.40498015
0.84	0.34554642
0.88	0.3318447
0.85	0.30223367
0.91	0.26533577
0.89	0.26061052
0.9	0.25598964
0.84	0.32585075
0.89	0.2744764
0.91	0.25570875
0.85	0.37314534
0.89	0.2626589
0.92	0.2509124
0.85	0.28703436
0.87	0.29355076
0.89	0.29424357
0.89	0.2606134
0.92	0.20517756
0.91	0.28491038
0.84	0.29591382
0.93	0.2100151
0.88	0.30057344
0.9	0.2717701
0.82	0.3621693
0.9	0.23738098
0.82	0.39545184
0.91	0.23073512
0.92	0.24291916
0.89	0.2811587
0.9	0.2347275
0.95	0.20676006
0.9	0.29618505
0.84	0.3389353
0.89	0.27009806
0.91	0.26344228
0.88	0.30677485
0.94	0.21283634
0.86	0.30144858
0.9	0.19600295
0.83	0.36056367
0.86	0.27355793
0.86	0.31483996
0.86	0.3256596
0.86	0.29792285
0.83	0.32286263
0.91	0.20320225
0.83	0.32186115
0.9	0.26617655
0.89	0.23008873
0.9	0.23152713
0.85	0.351199
0.89	0.2576338
0.86	0.3400634
0.84	0.31288913
0.82	0.42957267
0.89	0.26364875
0.86	0.32647133
0.89	0.2782609
0.91	0.22450568
0.93	0.22594103
0.86	0.30188045
0.88	0.27873582
0.82	0.35651293
0.87	0.31671113
0.8	0.39308602
0.86	0.25783497
0.81	0.36655572
0.93	0.23392698
0.9	0.26460677
0.88	0.2683245
0.88	0.2488834
0.88	0.278411
0.88	0.30546302
0.88	0.30505323
0.89	0.30719733
0.88	0.24687728
0.85	0.3213936
0.89	0.2651245
0.89	0.30136117
0.86	0.3033927
0.87	0.27056348
0.85	0.29117468
0.83	0.38101327
0.88	0.27826414
0.89	0.27079636
0.9	0.23160261
0.84	0.33929712
0.86	0.36740348
0.87	0.2906135
0.88	0.32205963
0.83	0.2915594
0.91	0.23028463
0.87	0.25261235
0.86	0.27461407
0.79	0.36200193
0.89	0.29117894
0.89	0.29676902
0.88	0.24814196
0.9	0.29226768
0.84	0.35316807
0.86	0.26878792
0.87	0.2675249
0.81	0.35974362
0.84	0.36834008
0.87	0.29098594
0.89	0.24343261
0.88	0.30167186
0.84	0.39239982
0.88	0.30205524
0.87	0.2995923
0.85	0.32398745
0.85	0.3648793
0.88	0.331943
0.85	0.34330094
0.94	0.20092373
0.91	0.24161398
0.82	0.3973597
0.9	0.3000375
0.86	0.27210638
0.86	0.3118136
0.89	0.2626573
0.95	0.23226263
0.89	0.30023757
0.86	0.29936817
0.85	0.31059074
0.87	0.2942254
0.84	0.31191176
0.93	0.18907641
0.9	0.3137487
0.85	0.29007506
0.89	0.26460746
0.87	0.31059182
0.87	0.2930409
0.89	0.25812942
0.87	0.27836743
0.9	0.26525337
0.88	0.31562427
0.93	0.2074295
0.81	0.34174693
0.82	0.36387148
0.86	0.29557276
0.87	0.33217713
0.82	0.31972507
0.86	0.27499914
0.84	0.27253953
0.89	0.2685339
0.88	0.22808899
0.89	0.26378813
0.91	0.20874704
0.87	0.28893712
0.89	0.24195611
0.9	0.29505843
0.9	0.19763023
0.86	0.27582076
0.89	0.28582144
0.87	0.31964093
0.86	0.2763945
0.89	0.26058397
0.81	0.29563054
0.88	0.30298942
0.83	0.31503108
0.86	0.31952378
0.81	0.3790466
0.84	0.2946071
0.9	0.25238457
0.89	0.2527705
0.85	0.3087538
0.88	0.3212362
0.86	0.26177397
0.88	0.23715876
0.93	0.1838457
0.9	0.2791987
0.86	0.27290374
0.9	0.28716263
0.82	0.3827865
0.88	0.2692892
0.89	0.24880974
0.87	0.28220168
0.84	0.34061748
0.93	0.22062078
0.86	0.3284148
0.89	0.29512176
0.91	0.21718298
0.92	0.25476363
0.91	0.23582678
0.86	0.30494124
0.84	0.3041923
0.81	0.32670826
0.9	0.23999792
0.9	0.32081887
0.86	0.2805157
0.88	0.3084553
0.85	0.25042063
0.91	0.22037484
0.86	0.31217843
0.84	0.32890075
0.91	0.23361452
0.85	0.29452372
0.92	0.2436842
0.88	0.30036288
0.82	0.37558365
0.9	0.3135817
0.92	0.22429664
0.86	0.27814063
0.94	0.2585829
0.9	0.23220299
0.84	0.32219985
0.91	0.21971367
0.86	0.31356245
0.89	0.24924229
0.9	0.3026205
0.85	0.34677032
0.86	0.31878117
0.9	0.25301582
0.94	0.1788916
0.89	0.2510768
0.89	0.2663778
0.86	0.3520031
0.89	0.23483507
0.86	0.32720637
0.84	0.3142151
0.88	0.24007581
0.9	0.25545081
0.93	0.20337616
0.85	0.32335517
0.85	0.32018128
0.85	0.32885525
0.84	0.35597074
0.86	0.25848618
0.89	0.30225942
0.82	0.34657896
0.89	0.25659105
0.84	0.34982195
0.89	0.27860615
0.88	0.26728252
0.84	0.30804682
0.83	0.35784248
0.9	0.26192865
0.86	0.30967256
0.89	0.2953044
0.89	0.26353726
0.85	0.29209676
0.88	0.29322615
0.84	0.30489457
0.9	0.25272334
0.91	0.23859045
0.84	0.28428316
0.88	0.24515656
0.81	0.38187408
0.88	0.26262927
0.83	0.3102196
0.88	0.28168893
0.87	0.28135118
0.89	0.23291145
0.91	0.20713209
0.84	0.30025887
0.8	0.4192025
0.84	0.29887727
0.91	0.22328256
0.89	0.24768755
0.81	0.30156526
0.84	0.32504505
0.86	0.26071286
0.84	0.3288599
0.8	0.35905823
0.87	0.31845087
0.91	0.28164425
0.85	0.3069732
0.82	0.34349838
0.89	0.29092044
0.86	0.27981305
0.9	0.27995452
0.88	0.23546991
0.87	0.28383595
0.88	0.24199116
0.9	0.23999555
0.88	0.25081417
0.89	0.26362377
0.92	0.26084042
0.89	0.21380831
0.86	0.27851447
0.87	0.32427394
0.88	0.26647386
0.9	0.2342939
0.92	0.25598758
0.83	0.3848836
0.92	0.19604695
0.82	0.32680237
0.87	0.24892527
0.84	0.3143537
0.88	0.28034055
0.82	0.3523121
0.86	0.3193184
0.9	0.2969157
0.93	0.21071917
0.95	0.2029368
0.88	0.28166837
0.87	0.29851016
0.86	0.33404282
0.9	0.25099722
0.88	0.3001721
0.87	0.26090276
0.88	0.27780414
0.84	0.30247068
0.89	0.26001143
0.8	0.3121682
0.84	0.2850418
0.88	0.24092054
0.85	0.26965556
0.89	0.20400837
0.86	0.29791564
0.85	0.30044696
0.89	0.2564402
0.9	0.25247583
0.9	0.28279352
0.86	0.31955668
0.89	0.27667958
0.89	0.27603203
0.86	0.33792388
0.81	0.3546313
0.87	0.2691026
0.88	0.31730923
0.9	0.29407546
0.87	0.3727752
0.88	0.27334177
0.88	0.28249317
0.81	0.42317903
0.88	0.26797402
0.82	0.30762118
0.92	0.24778189
0.85	0.33147824
0.91	0.25475103
0.87	0.32755113
0.87	0.28830922
0.87	0.2675798
0.95	0.18779229
0.89	0.3082683
0.8	0.3305695
0.94	0.21083137
0.87	0.2683313
0.86	0.2613932
0.86	0.38142303
0.86	0.33747256
0.86	0.30626303
0.79	0.46952954
0.89	0.27531868
0.89	0.27527884
0.84	0.3715437
0.89	0.25593427
0.91	0.22832768
0.88	0.2816176
0.91	0.24372348
0.87	0.25841308
0.9	0.29173717
0.97	0.15797295
0.82	0.3581401
0.89	0.30788916
0.86	0.29495084
0.92	0.2474727
0.87	0.29197595
0.89	0.25546318
0.87	0.28027812
0.86	0.3023714
0.88	0.2663964
0.85	0.26221156
0.9	0.26627135
0.82	0.31833
0.88	0.22272833
0.84	0.35140315
0.92	0.22797857
0.88	0.27445647
0.91	0.20772824
0.87	0.3645691
0.89	0.25763473
0.86	0.346661
0.89	0.26018527
0.83	0.28991684
0.83	0.31856
0.9	0.27324903
0.81	0.3830748
0.88	0.2536267
0.88	0.25190097
0.88	0.33438933
0.87	0.25340307
0.85	0.319047
0.88	0.34442386
0.89	0.26925084
0.91	0.27326542
0.88	0.27589855
0.84	0.32830074
0.83	0.34213668
0.9	0.22897047
0.89	0.28417635
0.84	0.34270835
0.77	0.45595118
0.87	0.29297838
0.85	0.34482944
0.92	0.25635004
0.87	0.2630994
0.89	0.23502934
0.89	0.33151376
0.84	0.27889466
0.83	0.3609561
0.87	0.3022688
0.83	0.3173253
0.84	0.36299175
0.88	0.25791997
0.91	0.2277792
0.86	0.30107912
0.87	0.29790595
0.83	0.36354265
0.88	0.2935661
0.86	0.28489625
0.93	0.20371895
0.9	0.22418569
0.88	0.23640934
0.85	0.31174278
0.86	0.28813732
0.85	0.24872454
0.92	0.23303844
0.93	0.22343016
0.9	0.24543095
0.89	0.27279836
0.86	0.29006785
0.85	0.29591948
0.84	0.27531824
0.87	0.2817172
0.88	0.25582382
0.91	0.28087097
0.89	0.33454955
0.83	0.2877412
0.87	0.33439767
0.94	0.2647527
0.88	0.31243676
0.83	0.31827572
0.88	0.23916297
0.89	0.27015266
0.78	0.41471362
0.82	0.33538914
0.81	0.34228042
0.86	0.3220151
0.86	0.27542183
0.91	0.25688493
0.84	0.3823427
0.89	0.22923484
0.85	0.31090856
0.92	0.25664166
0.89	0.25579184
0.88	0.27813637
0.88	0.27634782
0.88	0.3201357
0.89	0.24628443
0.87	0.25656545
0.84	0.33860737
0.85	0.3145461
0.87	0.22776282
0.87	0.3052716
0.93	0.2041921
0.87	0.26586705
0.88	0.31234226
0.9	0.26975113
0.86	0.32457274
0.95	0.17938262
0.78	0.45155317
0.92	0.26568303
0.87	0.23923491
0.87	0.3256296
0.89	0.25183052
0.89	0.26950076
0.88	0.31335157
0.87	0.3169302
0.91	0.21771412
0.75	0.39841777
0.93	0.2290213
0.8	0.39223903
0.89	0.33844608
0.84	0.36055183
0.78	0.37033513
0.83	0.3887262
0.95	0.16255337
0.9	0.2596891
0.88	0.29734084
0.85	0.2816004
0.93	0.22544436
0.87	0.31524873
0.92	0.23524779
0.9	0.24787618
0.92	0.24519394
0.88	0.22525787
0.81	0.33839202
0.88	0.24588355
0.86	0.3392189
0.84	0.36165795
0.85	0.30754298
0.92	0.22970255
0.89	0.25982475
0.87	0.27956462
0.88	0.26768994
0.85	0.34435272
0.86	0.41287506
0.89	0.25763038
0.93	0.19753076
0.89	0.28564647
0.91	0.2665621
0.87	0.3064987
0.87	0.26814646
0.91	0.19592375
0.88	0.26137716
0.81	0.32996407
0.87	0.35819936
0.86	0.28283313
0.88	0.27605015
0.82	0.33100078
0.91	0.21336822
0.82	0.3628868
0.86	0.30763972
0.87	0.30910832
0.91	0.24757986
0.87	0.2956129
0.85	0.3300585
0.85	0.28899944
0.85	0.34945878
0.86	0.31802928
0.89	0.29442224
0.83	0.30685645
0.9	0.30269203
0.83	0.33676487
0.93	0.27281797
0.81	0.37600818
0.78	0.3995586
0.87	0.3077678
0.91	0.24821246
0.87	0.29399303
0.91	0.22381382
0.85	0.27389118
0.87	0.2807362
0.81	0.35996842
0.91	0.24588947
0.92	0.23623458
0.88	0.25021726
0.88	0.26942447
0.93	0.20565124
0.88	0.26034465
0.91	0.24777077
0.88	0.2806974
0.86	0.2539218
0.87	0.26904136
0.86	0.32971558
0.86	0.3550757
0.84	0.34260058
0.86	0.27875143
0.88	0.2588576
0.91	0.24426031
0.88	0.3357556
0.85	0.33076727
0.86	0.29979524
0.88	0.26105368
0.88	0.2965973
0.9	0.2859224
0.88	0.29780644
0.9	0.24415594
0.89	0.20512627
0.86	0.2872018
0.89	0.22989313
0.88	0.2644427
0.93	0.22134848
0.82	0.3398391
0.79	0.44058838
0.9	0.23885967
0.93	0.21708459
0.83	0.28253847
0.85	0.26524547
0.84	0.32809585
0.91	0.25926265
0.93	0.22596546
0.78	0.35229695
0.9	0.20700578
0.9	0.24298006
0.93	0.19093916
0.88	0.285131
0.86	0.3247742
0.87	0.25594714
0.87	0.28885219
0.79	0.43917903
0.91	0.31317297
0.89	0.26106578
0.84	0.28792652
0.92	0.28100368
0.86	0.31715286
0.85	0.2946196
0.89	0.284072
0.88	0.27872705
0.79	0.3715428
0.87	0.28205746
0.81	0.4142496
0.86	0.34409723
0.88	0.27107087
0.86	0.3449888
0.83	0.33369118
0.87	0.3040828
0.91	0.20948923
0.93	0.22093427
0.9	0.26759034
0.81	0.30118093
0.83	0.35051316
0.86	0.3045403
0.88	0.25829765
0.82	0.33192086
0.83	0.36588374
0.84	0.28543893
0.87	0.22382478
0.89	0.23858976
0.92	0.19614607
0.9	0.25055665
0.88	0.27928805
0.84	0.42963985
0.89	0.31279916
0.9	0.25394517
0.88	0.32352445
0.87	0.31405017
0.92	0.27412114
0.81	0.3558777
0.86	0.3126114
0.87	0.32700107
0.95	0.18109253
0.84	0.34299877
0.86	0.29173487
0.86	0.25764707
0.88	0.28751466
0.84	0.3742327
0.87	0.2781253
0.86	0.3466183
0.85	0.28792295
0.88	0.29883584
0.87	0.29832616
0.91	0.23820646
0.86	0.27881685
0.82	0.37301856
0.86	0.26568142
0.84	0.3302852
0.91	0.23120514
0.88	0.2862447
0.81	0.39993438
0.84	0.27197847
0.92	0.20941913
0.85	0.31171826
0.84	0.3500315
0.87	0.27965647
0.92	0.18798256
0.87	0.38037446
0.88	0.30657846
